-0.000000
-0.000000
-0.000000
-0.000000
-0.000000
-0.000000
-0.000000
-0.000000
-0.000000
-0.000000
-0.000000
-0.000000
-0.000000
-0.000000
-0.000000
-0.000000
0.000000
0.000000
0.000000
0.000000
0.000000
0.000000
-0.000000
-0.000000
-0.000000
-0.000000
-0.000000
-0.000000
-0.000000
-0.000000
-0.000000
0.000000
0.000000
0.000000
0.000000
0.000000
0.000000
0.000000
0.000000
0.000000
0.000000
0.000000
0.000000
0.000000
-0.000002
-0.000007
-0.000019
-0.000038
-0.000056
-0.000057
-0.000007
0.000145
0.000450
0.000923
0.001465
0.001969
0.002370
0.002646
0.002813
0.002897
0.002926
0.002921
0.002892
0.002843
0.002774
0.002678
0.002555
0.002411
0.002249
0.002066
0.001862
0.001643
0.001412
0.001157
0.000858
0.000496
0.000040
-0.000544
-0.001275
-0.002092
-0.002916
-0.003683
-0.004360
-0.004939
-0.005432
-0.005854
-0.006219
-0.006542
-0.006827
-0.007079
-0.007298
-0.007488
-0.007653
-0.007797
-0.007924
-0.008035
-0.008132
-0.008216
-0.008289
-0.008360
-0.008441
-0.008553
-0.008729
-0.008982
-0.009277
-0.009566
-0.009799
-0.009943
-0.009980
-0.009915
-0.009759
-0.009523
-0.009222
-0.008868
-0.008473
-0.008043
-0.007588
-0.007119
-0.006641
-0.006162
-0.005686
-0.005216
-0.004752
-0.004303
-0.003868
-0.003452
-0.003059
-0.002687
-0.002338
-0.002011
-0.001708
-0.001428
-0.001171
-0.000937
-0.000724
-0.000532
-0.000357
-0.000200
-0.000062
0.000060
0.000169
0.000267
0.000354
0.000426
0.000485
0.000534
0.000575
0.000613
0.000649
0.000686
0.000726
0.000770
0.000822
0.000884
0.000955
0.001033
0.001116
0.001205
0.001300
0.001408
0.001532
0.001668
0.001817
0.001978
0.002153
0.002344
0.002553
0.002782
0.003030
0.003297
0.003589
0.003904
0.004238
0.004594
0.004985
0.005430
0.005946
0.006548
0.007244
0.008000
0.008770
0.009513
0.010203
0.010829
0.011396
0.011910
0.012375
0.012797
0.013182
0.013530
0.013844
0.014126
0.014378
0.014604
0.014806
0.014987
0.015150
0.015296
0.015429
0.015556
0.015694
0.015869
0.016124
0.016475
0.016900
0.017319
0.017663
0.017863
0.017886
0.017728
0.017397
0.016906
0.016276
0.015534
0.014701
0.013804
0.012862
0.011896
0.010919
0.009948
0.008996
0.008076
0.007196
0.006354
0.005537
0.004720
0.003855
0.002890
0.001812
0.000729
-0.000241
-0.001015
-0.001572
-0.001935
-0.002151
-0.002272
-0.002335
-0.002365
-0.002372
-0.002357
-0.002322
-0.002265
-0.002192
-0.002106
-0.002012
-0.001912
-0.001807
-0.001699
-0.001595
-0.001513
-0.001487
-0.001565
-0.001791
-0.002177
-0.002616
-0.002999
-0.003257
-0.003367
-0.003347
-0.003229
-0.003047
-0.002825
-0.002574
-0.002291
-0.001975
-0.001628
-0.001251
-0.000840
-0.000393
0.000082
0.000585
0.001118
0.001679
0.002282
0.002936
0.003653
0.004459
0.005381
0.006427
0.007546
0.008673
0.009755
0.010760
0.011676
0.012507
0.013260
0.013948
0.014579
0.015156
0.015682
0.016160
0.016591
0.016979
0.017332
0.017654
0.017948
0.018216
0.018459
0.018680
0.018883
0.019077
0.019277
0.019516
0.019790
0.020067
0.020297
0.020452
0.020519
0.020494
0.020386
0.020206
0.019938
0.019571
0.019095
0.018510
0.017825
0.017059
0.016230
0.015358
0.014451
0.013520
0.012578
0.011638
0.010705
0.009780
0.008875
0.007995
0.007145
0.006327
0.005545
0.004801
0.004099
0.003438
0.002821
0.002245
0.001710
0.001214
0.000754
0.000330
-0.000061
-0.000418
-0.000744
-0.001042
-0.001317
-0.001570
-0.001805
-0.002026
-0.002238
-0.002443
-0.002643
-0.002842
-0.003041
-0.003249
-0.003464
-0.003686
-0.003916
-0.004153
-0.004403
-0.004671
-0.004956
-0.005256
-0.005570
-0.005903
-0.006263
-0.006649
-0.007060
-0.007496
-0.007963
-0.008458
-0.008984
-0.009541
-0.010139
-0.010783
-0.011484
-0.012262
-0.013139
-0.014111
-0.015143
-0.016188
-0.017206
-0.018176
-0.019086
-0.019934
-0.020724
-0.021460
-0.022151
-0.022797
-0.023401
-0.023964
-0.024488
-0.024974
-0.025426
-0.025847
-0.026241
-0.026616
-0.026995
-0.027361
-0.027686
-0.027950
-0.028149
-0.028297
-0.028422
-0.028562
-0.028754
-0.029030
-0.029394
-0.029811
-0.030196
-0.030478
-0.030587
-0.030504
-0.030217
-0.029718
-0.029010
-0.028094
-0.026985
-0.025711
-0.024297
-0.022768
-0.021164
-0.019519
-0.017859
-0.016209
-0.014584
-0.012981
-0.011385
-0.009758
-0.008058
-0.006287
-0.004555
-0.002985
-0.001662
-0.000614
0.000176
0.000758
0.001188
0.001512
0.001762
0.001951
0.002087
0.002173
0.002210
0.002206
0.002169
0.002109
0.002033
0.001950
0.001862
0.001773
0.001684
0.001596
