0.900000
0.900000
0.900000
0.900000
0.900000
0.900000
0.900000
0.900000
0.900000
0.900000
0.900000
0.900001
0.900001
0.900001
0.900001
0.900001
0.900001
0.900001
0.900001
0.900001
0.900001
0.900001
0.900001
0.900001
0.900001
0.900001
0.900001
0.900001
0.900001
0.900001
0.900001
0.900001
0.900001
0.900001
0.900001
0.900001
0.900001
0.900001
0.900002
0.900002
0.900002
0.900002
0.900027
0.900093
0.900205
0.900318
0.900269
0.899672
0.897826
0.893734
0.886456
0.876067
0.865503
0.856412
0.849202
0.843507
0.838670
0.834087
0.829392
0.824452
0.819305
0.814069
0.808894
0.803890
0.799109
0.794535
0.790133
0.785853
0.781684
0.777643
0.773752
0.770169
0.767287
0.765784
0.766720
0.771183
0.779285
0.788246
0.796530
0.803590
0.809480
0.814520
0.819090
0.823516
0.828025
0.832729
0.837653
0.842757
0.847996
0.853330
0.858736
0.864203
0.869714
0.875253
0.880799
0.886361
0.892031
0.898060
0.904931
0.913358
0.924066
0.937149
0.950728
0.963736
0.975713
0.986566
0.996457
1.005654
1.014420
1.022966
1.031421
1.039830
1.048176
1.056418
1.064521
1.072448
1.080198
1.087762
1.095118
1.102259
1.109175
1.115862
1.122327
1.128590
1.134668
1.140573
1.146289
1.151803
1.157102
1.162190
1.167095
1.171839
1.176415
1.180815
1.185030
1.189054
1.192893
1.196558
1.200046
1.203365
1.206539
1.209598
1.212559
1.215425
1.218183
1.220812
1.223297
1.225627
1.227799
1.229811
1.231664
1.233364
1.234926
1.236370
1.237698
1.238905
1.239978
1.240907
1.241677
1.242295
1.242760
1.243064
1.243201
1.243168
1.242973
1.242644
1.242177
1.241549
1.240749
1.239790
1.238689
1.237371
1.235569
1.232750
1.228146
1.221044
1.211369
1.201015
1.190991
1.181710
1.173185
1.165230
1.157610
1.150117
1.142615
1.135021
1.127295
1.119434
1.111460
1.103389
1.095236
1.087008
1.078750
1.070492
1.062250
1.053996
1.045594
1.036659
1.026436
1.013807
0.997616
0.977681
0.956876
0.936801
0.918342
0.901731
0.886855
0.873337
0.860746
0.848729
0.837074
0.825680
0.814508
0.803529
0.792772
0.782294
0.772168
0.762361
0.752859
0.743665
0.734859
0.726584
0.719236
0.713579
0.710686
0.711519
0.715956
0.720798
0.724218
0.725694
0.725590
0.724658
0.723633
0.723006
0.722964
0.723455
0.724293
0.725270
0.726230
0.727092
0.727845
0.728522
0.729121
0.729646
0.730102
0.730530
0.731098
0.732215
0.734631
0.739402
0.747503
0.758793
0.770053
0.779480
0.786653
0.791998
0.796279
0.800202
0.804202
0.808420
0.812788
0.817137
0.821285
0.825129
0.828643
0.831822
0.834685
0.837310
0.839727
0.841932
0.843928
0.845608
0.846512
0.845863
0.842562
0.835481
0.824461
0.812336
0.800619
0.789929
0.780336
0.771599
0.763381
0.755398
0.747435
0.739363
0.731154
0.722818
0.714377
0.705848
0.697219
0.688474
0.679629
0.670714
0.661766
0.652788
0.643694
0.634224
0.623858
0.611819
0.597295
0.580139
0.562363
0.544997
0.528468
0.512764
0.497759
0.483318
0.469373
0.455990
0.443331
0.431433
0.420167
0.409354
0.398837
0.388518
0.378404
0.368513
0.358837
0.349421
0.340329
0.331638
0.323336
0.315392
0.307806
0.300580
0.293727
0.287208
0.281011
0.275131
0.269570
0.264344
0.259431
0.254835
0.250541
0.246547
0.242861
0.239479
0.236393
0.233587
0.231054
0.228780
0.226740
0.224914
0.223290
0.221886
0.220711
0.219769
0.219062
0.218593
0.218363
0.218375
0.218598
0.219015
0.219626
0.220456
0.221532
0.222854
0.224408
0.226194
0.228215
0.230474
0.232981
0.235739
0.238766
0.242041
0.245530
0.249165
0.252952
0.257085
0.261904
0.267940
0.275982
0.286797
0.300292
0.314535
0.328487
0.341728
0.354220
0.366129
0.377700
0.389134
0.400574
0.412123
0.423829
0.435677
0.447651
0.459731
0.471908
0.484196
0.496600
0.509117
0.521745
0.534449
0.547126
0.559508
0.571524
0.583375
0.595541
0.608797
0.624210
0.642973
0.665825
0.691725
0.718050
0.743304
0.766674
0.787990
0.807421
0.825390
0.842175
0.857931
0.872787
0.886910
0.900422
0.913390
0.925908
0.938071
0.949904
0.961419
0.972502
0.982923
0.992236
0.999619
1.003931
1.004160
1.000482
0.996330
0.993695
0.993132
0.994227
0.996170
0.998175
0.999680
1.000441
1.000506
1.000084
0.999419
0.998705
0.998050
0.997480
0.996971
0.996479
0.995971
0.995433
0.994869
0.994296
0.993731
0.993187
0.992670
0.992183
