16.666667
16.664807
16.675574
16.687319
16.699072
16.710832
16.722598
16.734365
16.746131
16.757894
16.769653
16.781408
16.793159
16.804907
16.816653
16.828397
16.840140
16.851881
16.863621
16.875359
16.887096
16.898831
16.910565
16.922297
16.934027
16.945755
16.957481
16.969206
16.980929
16.992650
17.004369
17.016087
17.027803
17.039517
17.051230
17.062941
17.074650
17.086358
17.098064
17.109768
17.121470
17.133171
17.144870
17.156568
17.168264
17.179958
17.191650
17.203340
17.215029
17.226716
17.238402
17.250076
17.261719
17.273296
17.284777
17.296159
17.307458
17.318693
17.329872
17.340988
17.352020
17.362948
17.373739
17.384376
17.394850
17.405149
17.415262
17.425175
17.434869
17.444327
17.453517
17.462419
17.471013
17.479293
17.487274
17.494998
17.502561
17.510114
17.517798
17.525593
17.533417
17.541192
17.548867
17.556412
17.563822
17.571106
17.578278
17.585358
17.592360
17.599294
17.606166
17.612982
17.619746
17.626462
17.633136
17.639768
17.646359
17.652907
17.659417
17.665907
17.672415
17.679017
17.685821
17.692927
17.700333
17.707999
17.715871
17.723905
17.732078
17.740381
17.748816
17.757389
17.766110
17.774989
17.784036
17.793252
17.802631
17.812182
17.821901
17.831788
17.841838
17.852044
17.862399
17.872894
17.883523
17.894279
17.905138
17.916104
17.927157
17.938300
17.949525
17.960822
17.972182
17.983598
17.995059
18.006559
18.018087
18.029639
18.041200
18.052757
18.064305
18.075840
18.087356
18.098842
18.110290
18.121695
18.133052
18.144355
18.155595
18.166768
18.177864
18.188879
18.199805
18.210637
18.221367
18.231979
18.242469
18.252833
18.263064
18.273155
18.283099
18.292884
18.302495
18.311933
18.321190
18.330262
18.339141
18.347815
18.356272
18.364500
18.372495
18.380247
18.387741
18.394965
18.401928
18.408662
18.415233
18.421743
18.428287
18.434870
18.441453
18.447986
18.454427
18.460754
18.466960
18.473045
18.479016
18.484881
18.490650
18.496332
18.501932
18.507457
18.512910
18.518298
18.523624
18.528887
18.534088
18.539226
18.544306
18.549352
18.554427
18.559643
18.565174
18.571177
18.577670
18.584599
18.591890
18.599474
18.607314
18.615389
18.623698
18.632247
18.641044
18.650097
18.659404
18.668970
18.678786
18.688843
18.699131
18.709640
18.720345
18.731228
18.742273
18.753438
18.764692
18.776024
18.787407
18.798816
18.810224
18.821617
18.832997
18.844377
18.855768
18.867173
18.878590
18.890015
18.901442
18.912870
18.924301
18.935732
18.947164
18.958596
18.970027
18.981457
18.992885
19.004311
19.015736
19.027158
19.038579
19.049998
19.061413
19.072810
19.084166
19.095441
19.106599
19.117640
19.128587
19.139462
19.150274
19.161009
19.171633
19.182112
19.192424
19.202544
19.212454
19.222133
19.231561
19.240720
19.249588
19.258107
19.266272
19.274069
19.281464
19.288441
19.295007
19.301196
19.307116
19.312920
19.318770
19.324676
19.330573
19.336390
19.342067
19.347570
19.352885
19.358014
19.362975
19.367783
19.372450
19.376990
19.381410
19.385714
19.389909
19.394002
19.398002
19.401913
19.405740
19.409482
19.413148
19.416755
19.420349
19.424011
19.427875
19.432103
19.436715
19.441667
19.446901
19.452371
19.458053
19.463957
19.470114
19.476537
19.483221
19.490155
19.497322
19.504718
19.512349
19.520223
19.528342
19.536708
19.545321
19.554177
19.563263
19.572564
19.582086
19.591821
19.601762
19.611896
19.622210
19.632689
19.643321
19.654066
19.664906
19.675853
19.686896
19.698017
19.709205
19.720444
19.731722
19.743025
19.754339
19.765640
19.776921
19.788175
19.799388
19.810557
19.821672
19.832723
19.843699
19.854590
19.865387
19.876079
19.886660
19.897119
19.907436
19.917608
19.927626
19.937481
19.947153
19.956643
19.965939
19.975031
19.983908
19.992562
20.000980
20.009149
20.017050
20.024681
20.032029
20.039072
20.045791
20.052179
20.058242
20.064003
20.069542
20.074964
20.080368
20.085759
20.091101
20.096351
20.101470
20.106439
20.111246
20.115891
20.120376
20.124714
20.128913
20.132982
20.136926
20.140752
20.144463
20.148067
20.151568
20.154976
20.158296
20.161566
20.164802
20.167979
20.171059
20.174011
20.176831
20.179566
20.182326
20.185286
20.188655
20.192590
20.197115
20.202180
20.207707
20.213631
20.219917
20.226561
20.233568
20.240941
20.248683
20.256791
20.265251
20.274058
20.283204
20.292677
20.302463
20.312540
20.322876
20.333456
20.344228
20.355169
20.366213
20.377285
20.388361
20.399414
20.410450
20.421495
20.432565
20.443668
20.454798
20.465947
20.477109
20.488277
20.499449
20.510623
20.521798
20.532972
20.544146
20.555319
20.566491
20.577662
20.588832
20.600001
20.611169
20.622336
20.633502
