-0.000000
-0.000000
-0.000000
-0.000000
-0.000000
-0.000000
-0.000000
-0.000000
-0.000000
-0.000000
-0.000000
-0.000000
-0.000000
-0.000000
-0.000000
-0.000000
-0.000000
-0.000000
-0.000000
-0.000000
-0.000000
-0.000000
-0.000000
-0.000000
-0.000000
-0.000000
-0.000000
-0.000000
-0.000000
-0.000000
-0.000000
-0.000000
-0.000000
-0.000000
-0.000000
-0.000000
-0.000000
-0.000000
-0.000000
-0.000000
-0.000000
-0.000000
-0.000020
-0.000081
-0.000199
-0.000358
-0.000486
-0.000403
0.000213
0.001812
0.004807
0.009146
0.013499
0.017142
0.019929
0.022059
0.023854
0.025599
0.027465
0.029512
0.031721
0.034037
0.036395
0.038747
0.041075
0.043389
0.045708
0.048063
0.050476
0.052953
0.055491
0.058021
0.060359
0.062194
0.063052
0.062453
0.060372
0.058078
0.056252
0.055115
0.054614
0.054578
0.054812
0.055158
0.055503
0.055793
0.056015
0.056183
0.056317
0.056431
0.056533
0.056625
0.056718
0.056828
0.056969
0.057140
0.057297
0.057321
0.056989
0.055978
0.053966
0.050926
0.047714
0.044803
0.042379
0.040460
0.038948
0.037702
0.036586
0.035493
0.034360
0.033159
0.031896
0.030585
0.029238
0.027871
0.026481
0.025073
0.023653
0.022228
0.020800
0.019372
0.017942
0.016502
0.015046
0.013572
0.012089
0.010605
0.009128
0.007657
0.006182
0.004696
0.003204
0.001713
0.000227
-0.001250
-0.002718
-0.004183
-0.005640
-0.007092
-0.008550
-0.010025
-0.011522
-0.013041
-0.014574
-0.016111
-0.017645
-0.019172
-0.020689
-0.022198
-0.023700
-0.025199
-0.026701
-0.028216
-0.029747
-0.031291
-0.032843
-0.034398
-0.035952
-0.037508
-0.039068
-0.040630
-0.042193
-0.043756
-0.045324
-0.046911
-0.048517
-0.050137
-0.051777
-0.053453
-0.055177
-0.056914
-0.058541
-0.059813
-0.060383
-0.059941
-0.058468
-0.056830
-0.055475
-0.054575
-0.054116
-0.053996
-0.054095
-0.054307
-0.054563
-0.054821
-0.055058
-0.055270
-0.055463
-0.055642
-0.055809
-0.055966
-0.056135
-0.056340
-0.056596
-0.056894
-0.057169
-0.057235
-0.056744
-0.055185
-0.052047
-0.047268
-0.042160
-0.037433
-0.033457
-0.030298
-0.027866
-0.025951
-0.024330
-0.022819
-0.021306
-0.019732
-0.018068
-0.016295
-0.014421
-0.012467
-0.010465
-0.008393
-0.006233
-0.003979
-0.001664
0.000642
0.002747
0.004293
0.004788
0.003800
0.001395
-0.000985
-0.002546
-0.003097
-0.002851
-0.002183
-0.001450
-0.000883
-0.000570
-0.000488
-0.000552
-0.000670
-0.000775
-0.000836
-0.000851
-0.000838
-0.000795
-0.000713
-0.000582
-0.000419
-0.000302
-0.000423
-0.001130
-0.002902
-0.006174
-0.010867
-0.015525
-0.019359
-0.022219
-0.024337
-0.026083
-0.027792
-0.029666
-0.031769
-0.034067
-0.036486
-0.038944
-0.041399
-0.043844
-0.046280
-0.048719
-0.051203
-0.053758
-0.056397
-0.059124
-0.061888
-0.064474
-0.066523
-0.067537
-0.067014
-0.064905
-0.062503
-0.060484
-0.059104
-0.058369
-0.058141
-0.058246
-0.058541
-0.058915
-0.059303
-0.059684
-0.060059
-0.060429
-0.060800
-0.061160
-0.061497
-0.061819
-0.062144
-0.062492
-0.062865
-0.063219
-0.063427
-0.063245
-0.062318
-0.060283
-0.057086
-0.053644
-0.050414
-0.047571
-0.045088
-0.042889
-0.040894
-0.039057
-0.037391
-0.035952
-0.034736
-0.033669
-0.032657
-0.031619
-0.030505
-0.029312
-0.028044
-0.026699
-0.025293
-0.023855
-0.022419
-0.020978
-0.019521
-0.018048
-0.016565
-0.015077
-0.013572
-0.012048
-0.010508
-0.008956
-0.007404
-0.005846
-0.004289
-0.002730
-0.001171
0.000380
0.001921
0.003453
0.004981
0.006504
0.008026
0.009555
0.011098
0.012656
0.014220
0.015785
0.017348
0.018908
0.020464
0.022015
0.023561
0.025116
0.026688
0.028277
0.029873
0.031465
0.033054
0.034649
0.036251
0.037860
0.039475
0.041096
0.042722
0.044349
0.045990
0.047669
0.049425
0.051259
0.053083
0.054740
0.055985
0.056461
0.055829
0.054146
0.052297
0.050744
0.049662
0.049050
0.048814
0.048827
0.048988
0.049222
0.049476
0.049724
0.049967
0.050207
0.050451
0.050696
0.050933
0.051157
0.051365
0.051556
0.051745
0.051980
0.052386
0.052994
0.053706
0.054293
0.054393
0.053519
0.051133
0.046919
0.041366
0.035668
0.030482
0.026142
0.022684
0.019987
0.017822
0.016028
0.014501
0.013155
0.011888
0.010624
0.009315
0.007905
0.006341
0.004595
0.002650
0.000555
-0.001580
-0.003540
-0.004938
-0.005245
-0.004003
-0.001294
0.001336
0.003028
0.003584
0.003246
0.002423
0.001502
0.000754
0.000298
0.000118
0.000121
0.000204
0.000286
0.000326
0.000318
0.000282
0.000239
0.000210
0.000200
0.000210
0.000232
0.000259
0.000285
0.000306
0.000324
