0.900000
0.900000
0.900000
0.900000
0.900000
0.900000
0.900000
0.900000
0.900000
0.900000
0.900000
0.899999
0.899999
0.899999
0.899999
0.899999
0.899999
0.899999
0.899999
0.899999
0.899999
0.899999
0.899999
0.899999
0.899999
0.899999
0.899999
0.899999
0.899999
0.899999
0.899999
0.899999
0.899999
0.899999
0.899999
0.899999
0.899999
0.899999
0.899998
0.899998
0.899998
0.899998
0.899973
0.899907
0.899795
0.899682
0.899731
0.900328
0.902174
0.906266
0.913544
0.923933
0.934497
0.943588
0.950798
0.956493
0.961330
0.965913
0.970608
0.975548
0.980695
0.985931
0.991106
0.996110
1.000891
1.005465
1.009867
1.014147
1.018316
1.022357
1.026248
1.029831
1.032713
1.034216
1.033280
1.028817
1.020715
1.011754
1.003470
0.996410
0.990520
0.985480
0.980910
0.976484
0.971975
0.967271
0.962347
0.957243
0.952004
0.946670
0.941264
0.935797
0.930286
0.924747
0.919201
0.913639
0.907969
0.901940
0.895069
0.886642
0.875934
0.862851
0.849272
0.836264
0.824287
0.813434
0.803543
0.794346
0.785580
0.777034
0.768579
0.760170
0.751824
0.743582
0.735479
0.727552
0.719802
0.712238
0.704882
0.697741
0.690825
0.684138
0.677673
0.671410
0.665332
0.659427
0.653711
0.648197
0.642898
0.637810
0.632905
0.628161
0.623585
0.619185
0.614970
0.610946
0.607107
0.603442
0.599954
0.596635
0.593461
0.590402
0.587441
0.584575
0.581817
0.579188
0.576703
0.574373
0.572201
0.570189
0.568336
0.566636
0.565074
0.563630
0.562302
0.561095
0.560022
0.559093
0.558323
0.557705
0.557240
0.556936
0.556799
0.556832
0.557027
0.557356
0.557823
0.558451
0.559251
0.560210
0.561311
0.562629
0.564431
0.567250
0.571854
0.578956
0.588631
0.598985
0.609009
0.618290
0.626815
0.634770
0.642390
0.649883
0.657385
0.664979
0.672705
0.680566
0.688540
0.696611
0.704764
0.712992
0.721250
0.729508
0.737750
0.746004
0.754406
0.763341
0.773564
0.786193
0.802384
0.822319
0.843124
0.863199
0.881658
0.898269
0.913145
0.926663
0.939254
0.951271
0.962926
0.974320
0.985492
0.996471
1.007228
1.017706
1.027832
1.037639
1.047141
1.056335
1.065141
1.073416
1.080764
1.086421
1.089314
1.088481
1.084044
1.079202
1.075782
1.074306
1.074410
1.075342
1.076367
1.076994
1.077036
1.076545
1.075707
1.074730
1.073770
1.072908
1.072155
1.071478
1.070879
1.070354
1.069898
1.069470
1.068902
1.067785
1.065369
1.060598
1.052497
1.041207
1.029947
1.020520
1.013347
1.008002
1.003721
0.999798
0.995798
0.991580
0.987212
0.982863
0.978715
0.974871
0.971357
0.968178
0.965315
0.962690
0.960273
0.958068
0.956072
0.954392
0.953488
0.954137
0.957438
0.964519
0.975539
0.987664
0.999381
1.010071
1.019664
1.028401
1.036619
1.044602
1.052565
1.060637
1.068846
1.077182
1.085623
1.094152
1.102781
1.111526
1.120371
1.129286
1.138234
1.147212
1.156306
1.165776
1.176142
1.188181
1.202705
1.219861
1.237637
1.255003
1.271532
1.287236
1.302241
1.316682
1.330627
1.344010
1.356669
1.368567
1.379833
1.390646
1.401163
1.411482
1.421596
1.431487
1.441163
1.450579
1.459671
1.468362
1.476664
1.484608
1.492194
1.499420
1.506273
1.512792
1.518989
1.524869
1.530430
1.535656
1.540569
1.545165
1.549459
1.553453
1.557139
1.560521
1.563607
1.566413
1.568946
1.571220
1.573260
1.575086
1.576710
1.578114
1.579289
1.580231
1.580938
1.581407
1.581637
1.581625
1.581402
1.580985
1.580374
1.579544
1.578468
1.577146
1.575592
1.573806
1.571785
1.569526
1.567019
1.564261
1.561234
1.557959
1.554470
1.550835
1.547048
1.542915
1.538096
1.532060
1.524018
1.513203
1.499708
1.485465
1.471513
1.458272
1.445780
1.433871
1.422300
1.410866
1.399426
1.387877
1.376171
1.364323
1.352349
1.340269
1.328092
1.315804
1.303400
1.290883
1.278255
1.265551
1.252874
1.240492
1.228476
1.216625
1.204459
1.191203
1.175790
1.157027
1.134175
1.108275
1.081950
1.056696
1.033326
1.012010
0.992579
0.974610
0.957825
0.942069
0.927213
0.913090
0.899578
0.886610
0.874092
0.861929
0.850096
0.838581
0.827498
0.817077
0.807764
0.800381
0.796069
0.795840
0.799518
0.803670
0.806305
0.806868
0.805773
0.803830
0.801825
0.800320
0.799559
0.799494
0.799916
0.800581
0.801295
0.801950
0.802520
0.803029
0.803521
0.804029
0.804567
0.805131
0.805704
0.806269
0.806813
0.807330
0.807817
