0.000000
0.000000
-0.000000
-0.000000
-0.000000
-0.000000
-0.000000
-0.000000
-0.000000
-0.000000
-0.000000
-0.000000
-0.000000
-0.000000
-0.000000
-0.000000
-0.000000
-0.000000
-0.000000
-0.000000
-0.000000
-0.000000
-0.000000
-0.000000
-0.000000
-0.000000
-0.000000
-0.000000
-0.000000
-0.000000
-0.000000
-0.000000
-0.000000
-0.000000
-0.000000
-0.000000
-0.000000
-0.000000
-0.000000
-0.000000
-0.000000
-0.000000
-0.000000
-0.000000
-0.000022
-0.000110
-0.000315
-0.000663
-0.001089
-0.001335
-0.000821
0.001419
0.006558
0.015499
0.027477
0.041148
0.055253
0.068982
0.082039
0.094470
0.106484
0.118326
0.130221
0.142270
0.154477
0.166742
0.178985
0.191180
0.203362
0.215594
0.227838
0.240145
0.252551
0.264908
0.277111
0.288848
0.299437
0.307926
0.313508
0.316465
0.317533
0.317467
0.316904
0.316276
0.315830
0.315628
0.315629
0.315731
0.315870
0.316011
0.316145
0.316284
0.316449
0.316638
0.316835
0.317046
0.317287
0.317571
0.317882
0.318134
0.318111
0.317416
0.315376
0.311379
0.305440
0.297852
0.289140
0.279829
0.270311
0.260869
0.251620
0.242565
0.233639
0.224778
0.215953
0.207122
0.198336
0.189577
0.180812
0.172044
0.163265
0.154470
0.145682
0.136939
0.128257
0.119640
0.111035
0.102420
0.093769
0.085104
0.076479
0.067909
0.059351
0.050786
0.042192
0.033564
0.024912
0.016257
0.007576
-0.001117
-0.009772
-0.018354
-0.026855
-0.035290
-0.043701
-0.052126
-0.060582
-0.069083
-0.077625
-0.086207
-0.094823
-0.103458
-0.112083
-0.120664
-0.129211
-0.137743
-0.146273
-0.154818
-0.163399
-0.171980
-0.180572
-0.189183
-0.197815
-0.206466
-0.215111
-0.223689
-0.232232
-0.240846
-0.249536
-0.258265
-0.266966
-0.275620
-0.284268
-0.292962
-0.301648
-0.309993
-0.317579
-0.323842
-0.328303
-0.331017
-0.332391
-0.332910
-0.332973
-0.332861
-0.332719
-0.332627
-0.332607
-0.332645
-0.332699
-0.332757
-0.332818
-0.332883
-0.332956
-0.333036
-0.333146
-0.333311
-0.333523
-0.333793
-0.334105
-0.334350
-0.334262
-0.333317
-0.330570
-0.325141
-0.316601
-0.305349
-0.291960
-0.277284
-0.262031
-0.246675
-0.231420
-0.216341
-0.201472
-0.186880
-0.172495
-0.158233
-0.144001
-0.129873
-0.115827
-0.101827
-0.087757
-0.073660
-0.059512
-0.045325
-0.031331
-0.018193
-0.006915
0.001204
0.005126
0.005499
0.003767
0.001393
-0.000576
-0.001671
-0.001897
-0.001536
-0.000947
-0.000417
-0.000095
0.000003
-0.000058
-0.000186
-0.000307
-0.000383
-0.000383
-0.000274
-0.000018
0.000396
0.000886
0.001162
0.000582
-0.001910
-0.007582
-0.017414
-0.030571
-0.045590
-0.061067
-0.076067
-0.090240
-0.103664
-0.116621
-0.129422
-0.142320
-0.155358
-0.168493
-0.181690
-0.194896
-0.208035
-0.221139
-0.234252
-0.247300
-0.260216
-0.273179
-0.286103
-0.298747
-0.310759
-0.321614
-0.330668
-0.337182
-0.341234
-0.343301
-0.344061
-0.344112
-0.343823
-0.343458
-0.343134
-0.342824
-0.342491
-0.342120
-0.341703
-0.341303
-0.340960
-0.340698
-0.340492
-0.340316
-0.340160
-0.340028
-0.339927
-0.339849
-0.339742
-0.339468
-0.338721
-0.336783
-0.333231
-0.328116
-0.321907
-0.314924
-0.307406
-0.299427
-0.290816
-0.281323
-0.271070
-0.260426
-0.249720
-0.239169
-0.228873
-0.218745
-0.208774
-0.199004
-0.189338
-0.179673
-0.169913
-0.160159
-0.150473
-0.140823
-0.131198
-0.121572
-0.112034
-0.102567
-0.093157
-0.083784
-0.074405
-0.065070
-0.055739
-0.046437
-0.037141
-0.027822
-0.018481
-0.009128
0.000222
0.009571
0.018910
0.028204
0.037438
0.046616
0.055797
0.064991
0.074201
0.083434
0.092693
0.101978
0.111296
0.120574
0.129804
0.138997
0.148213
0.157482
0.166778
0.176068
0.185357
0.194647
0.203941
0.213251
0.222572
0.231935
0.241332
0.250729
0.260019
0.269237
0.278590
0.288075
0.297521
0.306774
0.315619
0.323689
0.330474
0.335454
0.338675
0.340486
0.341335
0.341660
0.341714
0.341665
0.341629
0.341639
0.341631
0.341597
0.341518
0.341411
0.341324
0.341266
0.341238
0.341246
0.341266
0.341188
0.340552
0.339452
0.338267
0.337409
0.337167
0.337579
0.338371
0.338958
0.338529
0.336084
0.330750
0.322166
0.310786
0.297247
0.282429
0.266657
0.250110
0.233016
0.215708
0.198370
0.181099
0.164098
0.147419
0.131031
0.114936
0.098946
0.082976
0.067036
0.051148
0.035550
0.020925
0.008362
-0.000769
-0.005288
-0.005920
-0.004217
-0.001719
0.000473
0.001761
0.002071
0.001696
0.001031
0.000404
-0.000003
-0.000155
-0.000115
0.000013
0.000142
0.000219
0.000237
0.000212
0.000171
0.000135
0.000116
0.000115
0.000129
