-2.95E-09	89.999997	90.000003	89.9999993	90.0000007	0	0	25	-3.50348E-09	2.7198E-08				
-3.81E-09	89.99999618	90.00000382	89.99999936	90.00000064	-2.72E-08	3.50E-09	24.99513879	-7.01072E-09	2.70527E-08				
-4.27E-09	89.99999522	90.00000478	89.99999934	90.00000066	-2.73E-08	1.86E-09	25.00919363	-9.69061E-09	2.61519E-08				
-7.04E-09	89.99998985	90.00001015	89.99999711	90.00000289	-2.64E-08	2.71E-10	25.02472677	-1.47525E-08	2.64196E-08				
-9.06E-09	89.99998537	90.00001463	89.99999501	90.00000499	-2.66E-08	2.14E-09	25.04027713	-1.64461E-08	2.65671E-08				
-9.19E-09	89.99998623	90.00001377	89.99999535	90.00000465	-2.67E-08	1.80E-09	25.05583462	-1.02452E-08	2.67642E-08				
-8.70E-09	89.99999277	90.00000723	89.99999826	90.00000174	-2.65E-08	1.06E-09	25.07138892	-1.67654E-08	2.63553E-08				
-8.01E-09	89.99999438	90.00000562	89.99999903	90.00000097	-2.62E-08	3.61E-09	25.08693352	-1.66114E-08	2.62986E-08				
-7.61E-09	89.99999026	90.00000974	89.99999734	90.00000266	-2.62E-08	-2.08E-10	25.10246694	-1.64251E-08	2.62776E-08				
-7.19E-09	89.99998644	90.00001356	89.9999958	90.00000419	-2.61E-08	-3.39E-09	25.1179908	-1.77776E-08	2.62176E-08				
-6.77E-09	89.99998618	90.00001382	89.99999582	90.00000418	-2.59E-08	-4.04E-09	25.13350757	-2.00894E-08	2.61314E-08				
-6.55E-09	89.99998755	90.00001246	89.99999655	90.00000345	-2.57E-08	-2.96E-09	25.14901921	-2.16986E-08	2.60683E-08				
-6.54E-09	89.9999879	90.00001211	89.99999684	90.00000316	-2.55E-08	-2.25E-09	25.16452668	-2.20762E-08	2.60372E-08				
-6.53E-09	89.99998708	90.00001292	89.99999662	90.00000337	-2.53E-08	-2.64E-09	25.18003011	-2.19743E-08	2.60122E-08				
-6.42E-09	89.99998643	90.00001358	89.99999648	90.00000351	-2.52E-08	-3.35E-09	25.19552916	-2.21227E-08	2.5979E-08				
-6.29E-09	89.99998651	90.00001349	89.99999667	90.00000332	-2.50E-08	-3.61E-09	25.2110234	-2.25164E-08	2.59465E-08				
-6.22E-09	89.99998684	90.00001317	89.99999697	90.00000302	-2.49E-08	-3.45E-09	25.22651256	-2.28062E-08	2.59253E-08				
-6.21E-09	89.99998688	90.00001312	89.99999714	90.00000285	-2.48E-08	-3.33E-09	25.24199653	-2.28693E-08	2.59128E-08				
-6.21E-09	89.99998669	90.00001331	89.99999721	90.00000278	-2.47E-08	-3.42E-09	25.25747535	-2.28525E-08	2.58994E-08				
-6.20E-09	89.99998658	90.00001343	89.99999731	90.00000268	-2.47E-08	-3.54E-09	25.27294913	-2.28904E-08	2.58812E-08				
-6.17E-09	89.99998663	90.00001338	89.99999749	90.00000251	-2.46E-08	-3.57E-09	25.28841797	-2.29673E-08	2.58608E-08				
-6.16E-09	89.9999867	90.00001331	89.99999767	90.00000232	-2.46E-08	-3.54E-09	25.30388194	-2.30126E-08	2.58419E-08				
-6.16E-09	89.99998669	90.00001331	89.99999782	90.00000217	-2.45E-08	-3.53E-09	25.31934108	-2.30141E-08	2.58245E-08				
-6.16E-09	89.99998663	90.00001338	89.99999794	90.00000205	-2.45E-08	-3.57E-09	25.33479538	-2.301E-08	2.58069E-08				
-4.20E-05	89.56128503	90.43797858	89.86183709	90.1388993	-2.45E-08	-3.61E-09	25.35024485	0.000125803	6.218E-06				
-0.000112268	88.65193782	91.34377644	89.53653689	90.46774885	-6.22E-06	-0.00012583	25.36568949	0.000299433	1.35839E-05				
-0.000189905	87.49689612	92.49200616	89.06930146	90.94179627	-1.66E-05	-0.00033666	25.3811293	0.000444815	1.97854E-05				
-0.000293007	85.99506083	93.98217282	88.39092081	91.63184555	-2.92E-05	-0.000554636	25.39656426	0.000629563	2.86663E-05				
-0.000400891	84.06520628	95.89349646	87.43888746	92.6024098	-4.70E-05	-0.000829228	25.41199435	0.00079159	3.58322E-05				
-0.000601861	80.33045301	99.58999296	85.3780398	94.70151423	-6.68E-05	-0.001104871	25.42741954	0.001225436	5.55047E-05				
-0.00074982	74.55411474	105.312655	81.683309	98.44992124	-0.000102497	-0.001637903	25.44283979	0.001467464	5.96619E-05				
-0.000627943	66.85669767	112.9612571	75.8880568	104.2939884	-0.000133181	-0.001957277	25.45825475	0.00101347	2.57781E-05				
-0.000197031	58.26618086	121.5296257	68.75333819	111.4508552	-0.00013285	-0.001263039	25.47366466	0.000117958	-3.71197E-05				
0.000747769	49.83954129	129.9595599	61.50395806	118.6969408	-0.000101732	0.000802959	25.48907053	-0.001800927	-0.000153153				
0.002525732	42.1638113	137.6458486	54.94164611	125.248694	-2.15E-05	0.005273508	25.50447176	-0.00521749	-0.000347233				
0.005571387	35.40641227	144.4084765	49.21896649	130.9661448	0.000131696	0.013166924	25.51986537	-0.01032535	-0.000637242				
0.010809204	30.75637236	149.0377916	46.22190532	133.9839307	0.000382966	0.025529838	25.53523834	-0.017783689	-0.001064425				
0.018114472	32.29423667	147.4934143	48.97434672	131.2380023	0.000784456	0.044343803	25.55054936	-0.024231722	-0.001467862				
0.026432891	40.76723042	139.0171559	55.22813951	124.9874742	0.001205152	0.068478665	25.56569012	-0.026719125	-0.001686703				
0.034043074	52.02805506	127.6811398	62.52812067	117.7626845	0.001442327	0.096060918	25.58043708	-0.024445278	-0.001676215				
0.039921689	63.47117824	116.0832476	69.93678484	110.5087893	0.001309935	0.125150889	25.59447873	-0.01977994	-0.001527472				
0.043480858	73.82337999	105.5355703	76.82648346	103.8145663	0.000708299	0.155057996	25.60764353	-0.014494353	-0.001300662				
0.044689421	81.18777787	98.02214041	81.92405067	98.86603105	-0.000436677	0.184097695	25.61997629	-0.009707692	-0.001037766				
0.043672068	85.17873315	93.97689418	84.83154307	96.0128296	-0.002127451	0.210027777	25.63156997	-0.005450273	-0.000763762				
0.04104568	86.81633046	92.35684904	86.1227052	94.70411531	-0.00428854	0.230838981	25.64253517	-0.002409888	-0.000515205				
0.038071971	87.24188131	91.98132682	86.54094469	94.23584718	-0.006783304	0.24591639	25.6529942	-0.001131384	-0.00033297				
0.035593382	87.28490813	91.98844821	86.65290395	94.07373971	-0.009427165	0.255585877	25.66312975	-0.00110277	-0.000217533				
0.034045367	87.31315066	91.99919677	86.71889251	93.96876007	-0.012038616	0.260433139	25.67292247	-0.001851614	-0.000154885				
0.033523501	87.37046458	91.97268588	86.78212884	93.87472069	-0.014462437	0.261742125	25.68231385	-0.002564985	-0.000139797				
0.033849102	87.38095318	91.99112466	86.80233191	93.82559025	-0.016600461	0.260837888	25.69124894	-0.003126129	-0.000130146				
0.034759006	87.31507498	92.08705091	86.76479794	93.83307617	-0.018442484	0.259045646	25.69969499	-0.003231812	-0.000112829				
0.035919073	87.27027689	92.16197781	86.73808784	93.82965746	-0.020002195	0.257126146	25.70764847	-0.002833306	-8.43855E-05				
0.037082202	87.24353503	92.22038404	86.72305423	93.8130267	-0.021323093	0.255650481	25.71511703	-0.00219777	-5.03629E-05				
0.038083449	87.22748791	92.27079746	86.7163921	93.78532253	-0.022460012	0.25493325	25.72212437	-0.001539914	-7.93178E-06				
0.038874744	87.14639043	92.39106636	86.66685259	93.79569062	-0.023465325	0.254957736	25.72869764	-0.000932044	3.65395E-05				
0.039418076	87.00249447	92.57896762	86.57611491	93.84242299	-0.024371756	0.255534466	25.73488247	-0.000353013	7.68335E-05				
0.039690209	86.83390161	92.79541591	86.47058978	93.90009271	-0.025205179	0.256467614	25.74071887	4.69806E-05	0.000111444				
0.039744703	86.64980686	93.02990999	86.35572776	93.9645554	-0.025990318	0.257615751	25.74625463	0.00029197	0.000142246				
0.039683733	86.42938983	93.30196575	86.21560881	94.05303562	-0.026742092	0.25873364	25.75153749	0.000436743	0.000168356				
0.03960072	86.16369928	93.61910538	86.04248288	94.17471247	-0.027463954	0.25965088	25.7566078	0.000595798	0.000186476				
0.039543726	85.86303385	93.96995183	85.84249527	94.32451905	-0.028154493	0.260299401	25.76149323	0.000729087	0.000202025				
0.039526616	85.55709567	94.32412115	85.63583557	94.48294761	-0.028815808	0.260742341	25.76621075	0.000857062	0.00021585				
0.039550031	85.26745479	94.65988648	85.43750388	94.63515485	-0.029445226	0.261015262	25.77076745	0.001008144	0.000227157				
0.039606373	85.00240248	94.96919591	85.25359652	94.77480509	-0.030041027	0.261170411	25.77516741	0.001158885	0.000238037				
0.039684643	84.76580973	95.24855626	85.08725995	94.89837406	-0.03060467	0.261273726	25.77941507	0.000817257	0.000229472				
0.040776646	83.87902747	96.15851736	84.41158016	95.55087502	-0.031136768	0.261356927	25.78351179	0.000426327	0.000232961				
0.042408784	82.71984327	97.32856967	83.48256574	96.46902131	-0.031670219	0.260414661	25.78755835	0.000896451	0.000260755				
0.043165344	82.5314622	97.5452518	83.31889666	96.60438934	-0.032136221	0.259033032	25.79144526	0.001868568	0.000294524				
0.042314076	83.68517683	96.43294787	84.16718879	95.7146865	-0.032498528	0.258820297	25.79500653	0.002496704	0.000313237				
0.040538435	85.14308177	95.0198651	85.1949621	94.64209103	-0.032800862	0.260320532	25.79825248	0.002330653	0.000308118				
0.038914417	88.0824247	92.03806342	87.11456986	92.76494202	-0.033119328	0.262473461	25.80139585	0.001742605	0.000295099				
0.038028662	92.83696996	87.12913069	90.14490798	89.88899136	-0.033499689	0.263595409	25.80465334	0.001062311	0.000293334				
0.037925922	98.84242291	80.88449002	93.98586997	86.28721711	-0.033922321	0.262905908	25.80806811	0.000698948	0.000305477				
0.038037743	105.3957244	74.04085766	98.16695957	82.39645836	-0.034317973	0.26039855	25.81159286	0.000898353	0.000327399				
0.03761614	111.7486622	67.39155017	102.1354515	78.72433617	-0.034620854	0.25667559	25.81515555	0.001472975	0.000352726				
0.036223839	116.9077539	62.0102023	105.2764509	75.80559294	-0.03480125	0.252467706	25.81874252	0.002121383	0.000375007				
0.03377135	119.9555894	58.90142933	107.1392722	74.00370912	-0.034865642	0.247975116	25.82244961	0.00280623	0.000396814				
0.030208812	120.6457625	58.34742404	107.6684891	73.33832439	-0.034841012	0.24270956	25.82646623	0.003581821	0.000428537				
0.025909898	119.2719646	60.0389473	107.0618253	73.62726285	-0.034754662	0.235868186	25.831026	0.004246966	0.000466434				
0.021133811	116.3622279	63.39895984	105.6273181	74.6114941	-0.034601913	0.226910981	25.83636437	0.004958755	0.000515726				
0.016132339	112.6439899	67.6181275	103.7966903	75.94119229	-0.034354614	0.215397783	25.84263249	0.005518691	0.000563583				
0.011316411	109.2883282	71.39416712	102.2109528	77.10655194	-0.033964759	0.201279611	25.84990818	0.005431186	0.000586446				
0.007393676	107.7455382	73.13867891	101.5350614	77.58072156	-0.033378189	0.184615553	25.85821617	0.004315879	0.000566806				
0.00496341	108.71697	72.11878499	102.0402683	77.12397672	-0.032522118	0.165566166	25.86755483	0.002345094	0.000490813				
0.003887056	111.3722203	69.27731268	103.3543844	75.9960826	-0.031303745	0.144608284	25.87788005	0.000565307	0.000386254				
0.003576421	113.8626855	66.63813479	104.6204453	74.87873444	-0.02965668	0.122713873	25.8890815	-0.000682884	0.000287124				
0.003416601	114.8457632	65.64585877	105.1701223	74.33825575	-0.027587221	0.101117742	25.90104315	-0.00078079	0.00020139				
0.002854079	114.6133692	65.95388415	105.0338768	74.39886986	-0.025160671	0.080548952	25.91367303	-2.68854E-05	0.000157738				
0.001649472	114.2409054	66.37279565	104.6506265	74.73567242	-0.022515174	0.06165233	25.92688291	0.001360992	0.000153797				
-9.42E-05	114.2857821	66.32077959	104.3906154	75.00282288	-0.019793944	0.044339466	25.9405799	0.003008704	0.000194819				
-0.002142453	115.2988562	65.2602934	104.7557428	74.6851075	-0.017132341	0.028060678	25.95475504	0.004851881	0.000288529				
-0.004276328	117.9959135	62.47117529	106.3741718	73.15873945	-0.014615121	0.012134791	25.9693499	0.006700896	0.000419165				
-0.006404513	121.729303	58.61629721	108.8669802	70.7874195	-0.012273852	-0.003707122	25.98426483	0.008627429	0.000597651				
-0.008576467	124.481795	55.77969672	110.6893194	69.04918882	-0.010123612	-0.019882029	25.99937062	0.011380474	0.000819837				
-0.01088971	126.1001567	54.11753324	111.6589237	68.1233863	-0.008158337	-0.03709766	26.01464876	0.014408203	0.001073359				
-0.013497337	127.5027883	52.69318279	112.5326115	67.27141744	-0.006360324	-0.0548189	26.03003806	0.016164108	0.001299767				
-0.016452797	129.2576731	50.93146513	113.7664193	66.04444253	-0.004675492	-0.071724977	26.04544691	0.016546102	0.001480948				
-0.019664814	130.2795451	49.91026999	114.4980732	65.31211176	-0.003090218	-0.087942897	26.06072436	0.016348449	0.001594074				
-0.022947923	129.9219544	50.26924263	114.1815391	65.62726388	-0.001573957	-0.104368158	26.07578345	0.015790657	0.001628266				
-0.026611403	126.452061	53.71827142	111.6094861	68.22018143	-8.87E-05	-0.121267814	26.09049892	0.015174452	0.001631636				
-0.030478992	119.9354162	60.15180285	107.2584704	72.65431053	0.001359704	-0.138942643	26.10478667	0.014236384	0.001577019				
-0.034176849	111.777067	68.16417036	102.0604604	77.99830228	0.002819069	-0.157029488	26.11845688	0.012651604	0.001453857				
-0.037350893	103.976286	75.79953677	97.1549387	83.06923854	0.004322467	-0.174977229	26.13137146	0.010512767	0.001279002				
-0.039684522	97.85947468	81.78659606	93.24139147	87.11253778	0.005892048	-0.192276981	26.14345276	0.008067078	0.001084978				
-0.040813062	93.70127097	85.87860615	90.45199727	89.96812561	0.007547886	-0.208402571	26.15463604	0.005575899	0.00086295				
-0.040663765	91.71795364	87.8697464	88.9766446	91.43565535	0.009317617	-0.222859399	26.16490422	0.003524836	0.00065734				
-0.039382977	91.36665152	88.28253886	88.50545746	91.84535216	0.011187358	-0.235042658	26.174432	0.001833869	0.000467258				
-0.037692198	91.88729589	87.84685708	88.59221606	91.67363097	0.013141048	-0.244273891	26.18338941	0.001198176	0.00030964				
-0.036103206	92.66185409	87.15555173	88.87612809	91.3064661	0.015112067	-0.250727698	26.19192837	0.000934488	0.000203574				
-0.034908654	93.36947712	86.51785977	89.16603979	90.94662332	0.017018009	-0.254373143	26.20012045	0.001075853	0.000127072				
-0.034308628	94.01313153	85.93232423	89.45701126	90.59753298	0.01881037	-0.25593076	26.20797013	0.001467691	7.45504E-05				
-0.034281784	94.52228712	85.46983277	89.69890976	90.30897036	0.02044226	-0.256007434	26.21549958	0.001660313	4.31591E-05				
-0.034720654	94.91683712	85.11332635	89.8953825	90.07445403	0.021894304	-0.255166967	26.22271148	0.001672978	2.10291E-05				
-0.035475289	95.22691273	84.8354712	90.05676578	89.88085029	0.023180128	-0.254043321	26.22959723	0.001538326	-6.22347E-06				
-0.036385857	95.47506969	84.61624426	90.18902222	89.71966384	0.024319931	-0.253003001	26.23614495	0.001223087	-3.88006E-05				
-0.037310327	95.70773976	84.41213652	90.31414979	89.56597394	0.025326991	-0.252240974	26.24233888	0.000753308	-7.16867E-05				
-0.038095544	95.90957579	84.24036147	90.41498148	89.43508127	0.02621798	-0.251902737	26.2481811	0.000327114	-0.000101084				
-0.03864166	96.03764256	84.14480833	90.45831497	89.35923415	0.027017123	-0.252056697	26.2536842	-4.73763E-05	-0.000130919				
-0.038960717	96.12860358	84.08927344	90.46844118	89.3136818	0.027748478	-0.25256751	26.25887637	-0.000342388	-0.000155534				
-0.039123362	96.24458548	84.01121498	90.48976559	89.25443394	0.028427226	-0.253280488	26.26379603	-0.000616268	-0.000174532				
-0.039193637	96.42361436	83.87170865	90.55104864	89.15362835	0.0290674	-0.254039382	26.26848029	-0.00082758	-0.000192006				
-0.039211093	96.65982791	83.67561037	90.65078584	89.01377588	0.029679725	-0.254775566	26.27296224	-0.001010029	-0.000207869				
-0.039200472	96.9344017	83.44093481	90.77807596	88.84658753	0.030267308	-0.25541665	26.2772633	-0.00118855	-0.000220545				
-0.039177441	97.23108012	83.18341006	90.92309813	88.66241169	0.030831857	-0.255945318	26.28139903	-0.001302259	-0.000230778				
-0.039160852	97.53514555	82.91733472	91.07686217	88.47065757	0.03137624	-0.256377455	26.28538515	-0.001382801	-0.000240301				
-0.039170206	97.84088574	82.64814453	91.23618473	88.274785	0.031900301	-0.25668198	26.28923263	-0.001426719	-0.000248579				
-0.039217377	98.13878947	82.38523873	91.39487611	88.08109569	0.032401344	-0.256864173	26.2929514	-0.001431443	-0.000255882				
-0.039444623	98.51006471	82.04409662	91.61915796	87.82668071	0.03287673	-0.256930131	26.29654654	-0.000745995	-0.000236585				
-0.0409827	99.83582253	80.71269075	92.65984958	86.79163715	0.033327929	-0.256787328	26.30003485	-0.000668064	-0.000254195				
-0.042594066	101.023808	79.51738129	93.63435925	85.82445145	0.033780775	-0.2552965	26.30350446	-0.001469482	-0.000287869				
-0.042813871	100.7246485	79.84788362	93.37714319	86.05032471	0.034139699	-0.254002481	26.30676085	-0.002417742	-0.000317721				
-0.041354316	99.07046865	81.54797041	92.1239538	87.25760715	0.034403477	-0.254376524	26.30966823	-0.002740411	-0.000326839				
-0.039418713	97.54755685	83.11761349	91.00582754	88.32900211	0.03463772	-0.256317178	26.31231931	-0.002308146	-0.000315399				
-0.038181125	95.6373755	85.02762232	89.77225152	89.56275066	0.034913058	-0.258331912	26.31497508	-0.001559671	-0.000295892				
-0.037604686	90.5165033	89.99327777	86.80080214	92.68941679	0.035248718	-0.258957193	26.31781813	-0.001172901	-0.000297847				
-0.037092713	81.45098021	98.67308994	81.79781386	98.07811599	0.035616059	-0.257668616	26.32082189	-0.001175634	-0.000322852				
-0.03622895	69.64725946	109.8234542	75.7827732	104.7465132	0.035955435	-0.254872035	26.32388921	-0.001436255	-0.000354785				
-0.034830452	57.41987589	121.2403046	70.09493747	111.2448821	0.036210607	-0.250944475	26.32701796	-0.001806418	-0.0003819				
-0.032820636	47.18163653	130.7523406	65.59568142	116.4703414	0.036348084	-0.246011447	26.33030259	-0.002264289	-0.000404262				
-0.029986715	40.51443647	136.9915048	62.61306444	119.8809943	0.036355894	-0.239843309	26.33390018	-0.002964595	-0.000433357				
-0.025915079	38.42321847	139.1081348	61.36672548	121.1019212	0.036235897	-0.231922837	26.33800297	-0.003951866	-0.000474053				
-0.020391614	41.87330988	136.2705701	62.2260917	119.6300283	0.035996652	-0.221569853	26.34284412	-0.005782385	-0.000552368				
-0.013572393	51.6568473	127.7457503	65.49673913	115.1006633	0.035647966	-0.207899277	26.34870039	-0.007815623	-0.000652739				
-0.005662693	67.95342818	113.2879177	70.86357964	107.8950744	0.035183317	-0.190459193	26.35584468	-0.010462957	-0.000796825				
0.002234718	86.68313799	96.35979885	76.67908436	100.2779788	0.034605976	-0.167908943	26.36443406	-0.012570902	-0.000938023				
0.007667221	94.23461222	89.22895712	79.85847018	96.67796048	0.033851288	-0.140008628	26.3745152	-0.011130937	-0.000922378				
0.009733384	92.58525027	90.81973586	78.70755979	97.88745409	0.032679174	-0.109589936	26.38596563	-0.006249218	-0.000732873				
0.008576361	89.42465411	93.86736322	76.83458072	99.87340195	0.030847788	-0.0794474	26.39852086	-0.000206313	-0.000422592				
0.005211527	88.99998735	94.18801737	76.94721961	99.86477566	0.0282248	-0.051448251	26.41202604	0.00438837	-8.59794E-05				
0.001383931	91.92943095	91.31762557	78.34796436	98.40497912	0.024882761	-0.027469035	26.42625835	0.006060551	0.000159547				
-0.001619887	96.91875331	86.55310662	80.07632186	96.45181821	0.021096794	-0.009170172	26.44088894	0.005556322	0.000301525				
-0.003304758	101.3291162	82.37611615	81.34382831	94.95093937	0.017192866	0.002172335	26.45566927	0.004451716	0.000347427				
-0.00369179	102.9184688	80.89454842	81.62336325	94.56361949	0.013500517	0.006556954	26.47044262	0.003488987	0.000288929				
-0.00332063	101.4189819	82.38051458	80.88512054	95.31538298	0.010281905	0.006047919	26.48512213	0.002894756	0.000163795				
-0.002564285	99.00773178	84.75534976	79.87338457	96.36353389	0.007640891	0.003231259	26.49978806	0.00213299	-6.10777E-06				
-0.001690801	97.96458507	85.78966869	79.43855008	96.80719617	0.005574716	0.000641781	26.51450094	0.001085066	-0.000183779				
-0.000987808	98.04596428	85.70783972	79.49051204	96.75568396	0.003995063	-0.000571658	26.52930167	0.000211007	-0.000323239				
-0.000568417	98.10742787	85.64228064	79.56212981	96.68816168	0.002773975	-0.000804279	26.54418973	-0.000179497	-0.000405823				
-0.000353492	97.7295586	86.01943383	79.45806094	96.79294662	0.001809856	-0.000801744	26.55914303	-0.000251547	-0.000447764				
-0.000177397	97.71024203	86.03782016	79.46349687	96.78844094	0.001048118	-0.000824444	26.57413816	-0.000474218	-0.000473109				
3.33E-05	98.70794175	85.0202875	79.89246291	96.37930784	0.000462753	-0.000659032	26.58915781	-0.000926224	-0.000487709				
0.000308447	101.0547238	82.61378158	81.00948513	95.32200945	3.01E-05	-0.000254536	26.60419129	-0.001555357	-0.000495939				
0.000723506	105.3251222	78.2058383	83.48001189	92.98902764	-0.000269065	0.000371745	26.61923103	-0.002482851	-0.000510066				
0.001231211	111.2568002	72.05026973	87.80246498	88.89046507	-0.000444535	0.001389504	26.63427201	-0.003439763	-0.000520577				
0.001789126	118.8211579	64.21858954	94.79628486	82.16396766	-0.000521925	0.002626092	26.64931153	-0.004295762	-0.000525429				
0.002058535	127.2230517	55.60953151	103.545204	73.62221284	-0.000522463	0.003920075	26.66434603	-0.004219463	-0.000483556				
0.001577633	135.6173823	47.088164	112.4083811	64.88607258	-0.000504548	0.004275346	26.67937361	-0.002378352	-0.000357513				
6.87E-05	143.3218779	39.30639876	120.3094182	57.0623051	-0.000536852	0.002239331	26.6943989	0.001341017	-0.000137678				
-0.002903997	150.12159	32.44774992	127.0929186	50.33774149	-0.000666508	-0.003412579	26.70943075	0.007629609	0.000214675				
-0.007994261	154.7721512	27.72212342	130.3316148	47.1741105	-0.000952772	-0.014645795	26.72446176	0.016184657	0.000700024				
-0.015202653	153.3869874	29.10599071	127.111579	50.39544292	-0.001405541	-0.032750827	26.73945929	0.024115325	0.00117712				
-0.023554849	144.4899471	38.10584141	120.0454854	57.35872615	-0.001892367	-0.056902492	26.75433678	0.028250933	0.001480055				
-0.031224215	132.4763744	50.16761844	112.4356907	64.92031647	-0.002195496	-0.084928144	26.76890338	0.026740382	0.001528253				
-0.037186151	120.9972824	61.5911474	105.4971563	71.91441383	-0.002105126	-0.114159626	26.78288131	0.022166328	0.001421597				
-0.040744083	110.5116448	71.95470226	99.08640824	78.44724474	-0.001526273	-0.144071888	26.79601825	0.016590755	0.001220129				
-0.041795005	102.9165735	79.43304905	94.28282175	83.36755571	-0.000383168	-0.173297171	26.80838021	0.011369158	0.000980709				
-0.040481955	98.64930366	83.64653673	91.4170011	86.28715851	0.001335682	-0.199499758	26.82005602	0.006643056	0.000709288				
-0.037680708	96.73595305	85.56186764	89.99886028	87.70331903	0.003576657	-0.220295915	26.83118058	0.003152364	0.000471162				
-0.034738275	96.10954073	86.21810763	89.4286566	88.24369504	0.006179167	-0.234977732	26.84184194	0.00182377	0.000297916				
-0.032465389	95.93463022	86.42494654	89.20016197	88.44026127	0.008942945	-0.244118746	26.85216746	0.001728206	0.000203841				
-0.03119654	95.85689081	86.52854557	89.07846098	88.53610264	0.011657387	-0.248402015	26.86213174	0.002549351	0.000155013				
-0.030960586	95.81379447	86.59352532	89.00416955	88.58851067	0.014174604	-0.249363231	26.87166065	0.003287767	0.000147889				
-0.031511674	95.7887798	86.63904332	88.95264927	88.6195276	0.016392451	-0.248253682	26.88070226	0.003629185	0.000145767				
-0.032536278	95.79312883	86.65579118	88.9237975	88.62728248	0.01830431	-0.24638685	26.88921271	0.003639204	0.000131109				
-0.033756171	95.80876687	86.66246867	88.90205385	88.62671061	0.019936922	-0.244626316	26.89719398	0.003222503	0.000100868				
-0.034922249	95.80882052	86.68662751	88.86554272	88.63900925	0.021329563	-0.243344378	26.90465722	0.002519561	6.178E-05				
-0.035879248	95.81437191	86.70853951	88.82474436	88.65234422	0.022529692	-0.242791521	26.91162902	0.001792766	2.46185E-05				
-0.036572262	95.86514264	86.68951959	88.80477938	88.64055839	0.023586835	-0.242993185	26.91814828	0.001150034	-1.55404E-05				
-0.037018277	96.01386088	86.5775074	88.8409242	88.56770753	0.024545939	-0.243746296	26.92425748	0.000586133	-5.602E-05				
-0.037224599	96.23706799	86.39494618	88.91919348	88.44879235	0.025431917	-0.244812069	26.93000846	0.000135506	-9.00704E-05				
-0.037232506	96.50595675	86.16904885	89.02353432	88.30146008	0.026263608	-0.246013612	26.93544536	-0.000154809	-0.000119179				
-0.037133217	96.81743856	85.90130914	89.1562225	88.12502979	0.027058609	-0.247181525	26.94061779	-0.00030138	-0.000144902				
-0.037024505	97.17007254	85.5916755	89.320529	87.91772297	0.027823654	-0.248144811	26.94556854	-0.000352131	-0.000167045				
-0.036975675	97.5476137	85.2551462	89.50878187	87.68845822	0.028556325	-0.248803484	26.95032915	-0.000445433	-0.000182252				
-0.037007771	97.93209264	84.90916305	89.71002985	87.44871447	0.029250816	-0.249145559	26.95491526	-0.000552609	-0.000194825				
-0.037104786	98.29424879	84.58301977	89.9037964	87.21893504	0.029907587	-0.249294914	26.95933578	-0.000672988	-0.000206823				
-0.037242645	98.61573263	84.2955236	90.0759516	87.01279217	0.030525793	-0.249336506	26.96359188	-0.000831172	-0.000217298				
-0.037399315	98.89654612	84.04729883	90.22464325	86.8315118	0.031105306	-0.249335621	26.96768391	-0.000759928	-0.000217815				
-0.038290955	99.61551799	83.34686414	90.73732726	86.30029061	0.031649576	-0.249357286	26.97160687	-0.000268269	-0.000213322				
-0.039993356	100.8388097	82.12466357	91.71335525	85.32317143	0.032184336	-0.248769101	26.97543775	-0.000569721	-0.000235785				
-0.041075986	101.3806309	81.59799654	92.13625031	84.88512228	0.032674908	-0.247435525	26.9791449	-0.00154996	-0.000268095				
-0.040501183	100.5339941	82.47873225	91.45797549	85.52929815	0.033068015	-0.246972625	26.98254892	-0.002378914	-0.000291695				
-0.03866694	99.05618345	83.99261206	90.35793868	86.59326582	0.033395055	-0.248273119	26.98560714	-0.002417319	-0.000294563				
-0.036975109	98.20246509	84.88953	89.69690852	87.21109638	0.033730431	-0.250567884	26.98850052	-0.001772804	-0.000279511				
-0.03647947	98.47573929	84.66038834	89.80642475	87.05744762	0.034122128	-0.252221696	26.99147327	-0.000963071	-0.000262911				
-0.037202111	99.19220818	83.96322083	90.30114206	86.54342894	0.034554904	-0.252282663	26.99461544	-0.000548514	-0.000259279				
-0.038073569	97.53673415	85.58550148	89.23924172	87.63852265	0.034972117	-0.250941202	26.99783473	-0.000863131	-0.00027775				
-0.038013552	92.26295939	90.74217337	85.85526456	91.13960267	0.03533062	-0.248999558	27.00096442	-0.00141428	-0.000307782				
-0.036929549	84.18882095	98.55069724	81.09414882	96.16633299	0.035620192	-0.247332671	27.0039059	-0.001698232	-0.000330442				
-0.035416318	75.43008244	106.9321982	76.38335489	101.2543644	0.035853433	-0.245860974	27.00674929	-0.001650862	-0.000341732				
-0.03391429	67.90078007	114.096548	72.55636793	105.446304	0.036042085	-0.243758907	27.00968419	-0.001591108	-0.000350285				
-0.032300227	62.54849159	119.2004727	69.84199396	108.4090417	0.036175658	-0.240215281	27.01287446	-0.001849681	-0.000366537				
-0.030085299	59.62449115	122.0465438	68.22131256	110.1076525	0.036227167	-0.234939283	27.01642299	-0.002546881	-0.000393998				
-0.026792196	59.03233758	122.749163	67.58315058	110.6353488	0.036172218	-0.228042969	27.02042151	-0.003435944	-0.000428528				
-0.022596533	60.59977509	121.4799553	67.80660176	110.1136678	0.036004173	-0.219616726	27.02500927	-0.004387061	-0.000470279				
-0.017720697	63.98189472	118.5503441	68.71964473	108.7481164	0.035718843	-0.209489711	27.03037693	-0.005123648	-0.000513351				
-0.012599582	68.39863938	114.6516431	70.01311852	106.936599	0.035308875	-0.197240502	27.03668594	-0.00567705	-0.000558886				
-0.007805902	72.35812428	111.1207475	71.17014869	105.3509795	0.034749813	-0.182269617	27.04405726	-0.005357157	-0.000577371				
-0.004150391	74.15301835	109.5186104	71.66707074	104.6613005	0.033983701	-0.164478315	27.05252735	-0.003968573	-0.000549138				
-0.002002235	73.02186341	110.5797061	71.22178608	105.1766444	0.032920215	-0.143995511	27.0621073	-0.002279438	-0.00047288				
-0.001024673	69.99404689	113.3972516	70.10690444	106.5017971	0.031455525	-0.121635798	27.07270389	-0.000560707	-0.000375219				
-0.000678376	67.34742032	115.8882026	69.04959727	107.7147798	0.029546434	-0.09882796	27.08419202	0.000369417	-0.00028166				
-0.00037474	66.32131372	116.8976466	68.52129093	108.2597487	0.027212113	-0.076413666	27.09646111	0.000209298	-0.000206818				
0.00037477	66.2674614	116.9857046	68.48683005	108.2600039	0.024540425	-0.055172429	27.1094074	-0.000768567	-0.000172963				
0.001707048	66.38300495	116.8783362	68.73014031	108.0085186	0.021675928	-0.035591391	27.12290978	-0.002386872	-0.000180578				
0.003523033	65.9670069	117.266011	68.757821	108.0091611	0.018765762	-0.01743356	27.1369009	-0.004407977	-0.000251155				
0.005595154	63.83414471	119.3371849	67.59672777	109.2319426	0.015943321	-0.000173478	27.15131953	-0.006574468	-0.000371104				
0.007730951	59.83785277	123.2311717	65.07583001	111.8551455	0.013280795	0.01659098	27.16606052	-0.008748049	-0.000548133				
0.009960882	56.26619938	126.7339351	62.70779837	114.2920672	0.010818883	0.03333546	27.18096761	-0.011783239	-0.000784767				
0.012460785	54.01762512	128.9546811	61.20769132	115.8200025	0.008568885	0.051097004	27.19601328	-0.015277658	-0.001069102				
0.015379835	52.38764708	130.5769922	60.07828794	116.9570728	0.006516113	0.069658437	27.21114019	-0.017172868	-0.001316015				
0.018736477	50.94056444	132.0262593	59.02696771	118.0062086	0.004586275	0.087387282	27.22622651	-0.017459618	-0.00150553				
0.022730652	53.82614775	129.1274187	61.21424528	115.8321883	0.002757145	0.10446005	27.2411136	-0.017827489	-0.001634868				
0.026924677	61.00013346	121.8896856	66.22000159	110.8901794	0.001013188	0.12264343	27.25566781	-0.017103612	-0.001653393				
0.030926833	69.47046531	113.2974188	71.95835801	105.2737579	-0.000711062	0.14125499	27.26973578	-0.015361843	-0.001585618				
0.034386034	77.46527816	105.1572027	77.38951736	99.98800175	-0.002457112	0.159760371	27.28312656	-0.012808191	-0.001440277				
0.036911327	83.94933513	98.5473133	81.87325483	95.63009674	-0.004267041	0.177687467	27.29568702	-0.009893396	-0.001237826				
0.038214975	88.34096908	94.08471062	84.99416862	92.58015168	-0.00616464	0.194563461	27.30737462	-0.007002675	-0.001018652				
0.038066335	90.82378093	91.58966225	86.82938507	90.75717176	-0.008156064	0.209718484	27.31816146	-0.004421028	-0.000782546				
0.036716063	91.64813231	90.80489982	87.51461894	90.03234894	-0.010248928	0.222457137	27.32807301	-0.002453251	-0.000569006				
0.035031662	91.40261817	91.120968	87.45395594	90.02245789	-0.01240196	0.232151515	27.33732709	-0.001670204	-0.000408362				
0.033521247	90.737966	91.86221892	87.08992861	90.30988647	-0.014544848	0.238870583	27.34610494	-0.001650755	-0.000281496				
0.032468297	90.07137796	92.59643642	86.70383242	90.6283532	-0.016602545	0.242653609	27.35447091	-0.001739494	-0.000204665				
0.031932812	89.57238062	93.15007946	86.41157118	90.86596873	-0.018492844	0.244079367	27.36245367	-0.001972755	-0.00014861				
0.031921003	89.17485723	93.59356189	86.1729311	91.05864978	-0.020197048	0.244113171	27.370045	-0.002211959	-0.000104046				
0.032326401	88.88752233	93.91986804	85.99620199	91.19640764	-0.021706538	0.243381118	27.37727049	-0.002173833	-7.05708E-05				
0.033042407	88.64866963	94.19347345	85.84243113	91.31542579	-0.023034204	0.242337819	27.38414731	-0.001977001	-4.27735E-05				
0.033939552	88.43189143	94.4423106	85.69600506	91.4297929	-0.024211474	0.241400014	27.39068467	-0.001652997	-8.71934E-06				
0.034873384	88.23379802	94.6712004	85.55757921	91.53742237	-0.025265726	0.240737506	27.39687958	-0.001199674	2.90317E-05				
0.03571646	88.03364798	94.9029628	85.41607771	91.64731152	-0.02621066	0.240440927	27.40272084	-0.000667403	6.64346E-05				
0.036338424	87.86259756	95.10784132	85.29624708	91.73331404	-0.027061894	0.240577318	27.40821523	-0.000225109	9.61025E-05				
0.036691097	87.74127449	95.26575237	85.21383879	91.77913434	-0.027839836	0.24114203	27.41338125	0.00014247	0.00012516				
0.036828224	87.62650338	95.41964191	85.13797018	91.81588453	-0.028567514	0.241958082	27.41825308	0.00036724	0.000150043				
0.036850039	87.47106794	95.61566777	85.03423066	91.87903363	-0.029255949	0.242859916	27.42287383	0.000576676	0.000168191				
0.036832644	87.25215637	95.87548529	84.88541907	91.98693927	-0.029911731	0.243657905	27.42727996	0.000739544	0.00018339				
0.036818102	86.97979583	96.18809238	84.69773412	92.13437768	-0.0305414	0.244322937	27.43149886	0.000871254	0.000197478				
0.036818834	86.68390057	96.52303849	84.4917839	92.30127703	-0.031145602	0.244830286	27.43554844	0.00100561	0.000210123				
0.036835983	86.38728973	96.85736666	84.28352732	92.47181629	-0.031722824	0.245190297	27.43943799	0.001154777	0.000220411				
0.036865898	86.10215344	97.1789884	84.08163837	92.63721979	-0.032272979	0.245446819	27.44317479	0.001248546	0.000228897				
0.036915914	85.83324235	97.48316644	83.88947748	92.79411373	-0.032798078	0.245646709	27.44676838	0.001312262	0.000236631				
0.036997918	85.57725072	97.77318422	83.70472286	92.94484219	-0.033298117	0.245768127	27.45022672	0.001348344	0.000243386				
0.03711559	85.33814627	98.04516634	83.53022154	93.08646585	-0.033771564	0.24581366	27.45355793	0.00087945	0.00023132				
0.038380677	84.33435963	99.05269595	82.75294439	93.86000003	-0.034217079	0.245789258	27.45675927	0.000508039	0.000236439				
0.04014939	83.0740748	100.3020173	81.72912735	94.89478059	-0.034665417	0.2446359	27.45993469	0.001082327	0.000264209				
0.040885787	82.9170884	100.4804209	81.58855886	95.01393184	-0.035043391	0.243132627	27.46296247	0.002129006	0.000296326				
0.039856287	84.21094329	99.2333445	82.55101327	94.00469894	-0.03532311	0.242969864	27.46566803	0.002665151	0.00030965				
0.037899266	85.79923674	97.69365913	83.67979817	92.82730595	-0.03555449	0.244627221	27.46806806	0.002470858	0.000305083				
0.036488074	86.49049018	97.05305212	84.16847084	92.28798685	-0.035814458	0.246837276	27.47038558	0.001645803	0.000285407				
0.036065457	88.16125576	95.3715149	85.28518046	91.18204888	-0.036133945	0.248093772	27.47284893	0.00107954	0.0002764				
0.035717141	94.26129291	89.08675211	89.34273904	87.30921593	-0.036491606	0.247509447	27.4754935	0.001151849	0.000297431				
0.034629376	105.363159	77.4577503	96.45301807	80.72607261	-0.036843097	0.24535408	27.47820241	0.001481865	0.000335666				
0.032852091	119.3649594	62.51992072	104.8700515	73.24506842	-0.037142033	0.242201523	27.48091677	0.001721168	0.000369661				
0.030751845	133.0713289	47.69762236	112.6735371	66.55751164	-0.03735192	0.238020769	27.48374846	0.001893473	0.000393613				
0.028339326	144.0121639	35.80176318	118.7562946	61.4297784	-0.0374439	0.232319735	27.48688513	0.00224268	0.000416103				
0.025331352	149.1991199	30.3091618	121.6352449	58.8564734	-0.037393512	0.224542206	27.49051124	0.00279954	0.000440122				
0.020963438	147.6320091	32.3699676	120.6419	59.35612331	-0.037179714	0.21431782	27.49481592	0.004493512	0.000495556				
0.014493245	138.7284583	42.5677448	115.3179628	63.38583408	-0.036803756	0.200899618	27.50003785	0.007217104	0.000598764				
0.005933044	121.9817437	61.31887392	105.7372656	70.96211684	-0.036291364	0.18381922	27.50646533	0.011024922	0.000770017				
-0.00386376	99.29442102	86.33518672	94.17766615	80.19272611	-0.035687486	0.161666308	27.51440344	0.015480954	0.001007406				
-0.011393904	85.43192515	101.037662	86.90982131	86.62059152	-0.035015315	0.13263519	27.52399791	0.01598655	0.001098925				
-0.014022718	85.91733709	100.5271379	87.71694461	85.83858037	-0.034023227	0.09956017	27.53517604	0.009282576	0.000870505				
-0.01149495	91.51564144	94.83596739	91.94777125	81.70061991	-0.032279133	0.068268069	27.54758125	-0.0011286	0.00040604				
-0.006361119	96.02702632	90.13031771	94.4314618	79.41119416	-0.029537892	0.041255815	27.56097386	-0.007530333	-2.98833E-07				
-0.000862875	95.31692705	90.81435986	93.97091778	79.89779531	-0.025980199	0.01759637	27.57514271	-0.009252645	-0.000268702				
0.003248559	90.42268434	95.95712146	91.87025227	81.74994193	-0.021905176	-0.000228778	27.58968033	-0.007695159	-0.000412274				
0.005110723	85.00527546	101.7048063	89.75700869	83.53290955	-0.017690246	-0.01034234	27.60424774	-0.005251801	-0.000439031				
0.005105798	82.24852504	104.6622876	88.86261098	84.22657636	-0.013746569	-0.012491171	27.61867495	-0.00354395	-0.000359288				
0.004123512	83.16974231	103.7575269	89.46663772	83.60609311	-0.010384566	-0.009119449	27.63293862	-0.002403478	-0.000204119				
0.002908329	86.89796583	99.9564172	91.19254759	81.95306938	-0.007722651	-0.004107713	27.64718152	-0.001637809	-1.27586E-05				
0.001725768	89.53105086	97.28757397	92.37860119	80.80277399	-0.005708274	1.59E-05	27.66147889	-0.000626093	0.000179437				
0.000808215	89.73697207	97.08020393	92.46141057	80.72141343	-0.004207809	0.001752808	27.67587871	0.000391702	0.000326184				
0.000306943	88.96100259	97.85400515	92.09684691	81.08814535	-0.003058809	0.001602764	27.69038404	0.000797769	0.000400758				
0.000145764	88.71462679	98.09572199	91.95667469	81.23297653	-0.002133266	0.000991592	27.70496814	0.000618313	0.000422267				
0.000118756	89.08398904	97.72872708	92.08709248	81.10019139	-0.001370639	0.000688308	27.71959901	0.00039675	0.000423675				
8.42E-05	89.48734405	97.33008974	92.2322176	80.95034861	-0.000753198	0.00061641	27.73425326	0.000416981	0.00042015				
2.19E-05	89.65967805	97.15932094	92.27350244	80.90749857	-0.000272016	0.000561637	27.74891805	0.000584121	0.000411447				
-3.82E-05	89.73812475	97.08105939	92.27084947	80.90996639	8.80E-05	0.000501493	27.76358643	0.000729427	0.000395614				
-8.14E-05	89.88727935	96.93383936	92.2969009	80.88198039	0.000346555	0.000496308	27.77825448	0.000801573	0.000374388				
-0.000113491	90.10669317	96.71816496	92.35225201	80.82288986	0.000523252	0.000546224	27.79292072	0.000830838	0.000350936				
-0.000140663	90.30664893	96.52179971	92.39836653	80.77318484	0.000635251	0.000597635	27.80758553	0.000842227	0.000326758				
