0
1.09209076397754e-20
-1.32987833178175e-05
-2.00819301445882e-05
-1.69129365233850e-05
-6.63347166302248e-06
7.18355636205393e-06
2.12957741175653e-05
3.34421411458558e-05
4.26972500597473e-05
4.91228812877572e-05
5.32107372063768e-05
5.54876931650359e-05
5.64103263246837e-05
5.64730175021672e-05
5.61416569144239e-05
5.56814509998413e-05
5.51852046831453e-05
5.46305409082712e-05
5.39900462365674e-05
5.32601221433550e-05
5.24473252219482e-05
5.15612879434312e-05
5.06200954837080e-05
4.96503060314950e-05
4.86775255704204e-05
4.39160069478978e-05
3.57198724176804e-05
2.60731045005287e-05
1.53146680586865e-05
5.88642546931555e-06
-1.05057698854720e-05
-3.01390620774697e-05
-4.53924785103769e-05
-5.81663304814704e-05
-6.26520860331655e-05
-3.94114649743581e-05
1.46789269740463e-05
3.06399685728080e-05
-0.000191200842925048
-0.000838203449111917
-0.00203614516704658
-0.00374688179848321
-0.00583567230019088
-0.00813979898726388
-0.0105563657702501
-0.0129831133465582
-0.0153021955693331
-0.0174174347554562
-0.0192686418056776
-0.0208476392192790
-0.0221874952392369
-0.0233367316786446
-0.0243351432352366
-0.0252156335771370
-0.0260086730311096
-0.0267346713777118
-0.0274085779760044
-0.0280410691456553
-0.0286370219493599
-0.0291999914500645
-0.0297335693977332
-0.0302403461580227
-0.0307281184058412
-0.0312216112367375
-0.0316561900599279
-0.0319794604782021
-0.0322218338285407
-0.0324585300477826
-0.0327471041506518
-0.0330869436101209
-0.0334298904783875
-0.0337249760801180
-0.0339466216100437
-0.0340932668062658
-0.0341748731988152
-0.0341966562419798
-0.0341529196794193
-0.0340428712958085
-0.0338628211001009
-0.0336083590589326
-0.0332631343863250
-0.0327720853161852
-0.0320342606614059
-0.0309162944854393
-0.0292977455436115
-0.0271277735807375
-0.0245087125653795
-0.0216455245814908
-0.0187881681547593
-0.0161364158712378
-0.0137818235217325
-0.0117024221488378
-0.00978513884756794
-0.00790053051255205
-0.00598180864935999
-0.00399808988952195
-0.00197687546523905
3.47101612080162e-05
0.00200312596372762
0.00391739227427823
0.00574710285838862
0.00751942695290479
0.00923621583679021
0.0108896348257854
0.0124826851104610
0.0140467596475649
0.0155954395293146
0.0171568147678383
0.0187121205343140
0.0202202495749363
0.0216460077943172
0.0229679265862585
0.0241701594746004
0.0252504422974040
0.0262126793839824
0.0270685050301415
0.0278289602925666
0.0285107293268928
0.0291271270937096
0.0296883080081627
0.0302045097276086
0.0306851650697353
0.0311378975785511
0.0315649914315682
0.0319677486747412
0.0323457797589330
0.0327174029527750
0.0330787824718709
0.0333544859714569
0.0335306057834263
0.0336637624559758
0.0338269371028047
0.0340526603658148
0.0343165820866878
0.0345665462490129
0.0347627416278342
0.0348889045943429
0.0349395044126320
0.0349046765052791
0.0347662170921611
0.0344939751743715
0.0340953939963207
0.0335804094480217
0.0329454169388073
0.0321726155570764
0.0311055598676750
0.0293429087087476
0.0266691106907975
0.0231902510743263
0.0192825901955035
0.0154043919203954
0.0119250756304092
0.00903177548049014
0.00675588995503205
0.00499857792229787
0.00362286207517085
0.00251135858883018
0.00159306657482171
0.000833506584347457
0.000220218722658724
-0.000250384250065474
-0.000588342014955665
-0.000809837507141242
-0.000930727721040445
-0.000973389908036127
-0.000957462872834213
-0.000912307071861287
-0.000872795339197980
-0.000870915089699290
-0.000941305904396775
-0.00103900201046522
-0.000933469022012379
-0.000375410297542612
0.000818384576688557
0.00264539138121567
0.00491525117054854
0.00740850139378681
0.00997916970266421
0.0125304127033548
0.0149456643696008
0.0171454424039098
0.0190790770227439
0.0207340545649127
0.0221363431933229
0.0233384063126944
0.0243874202369223
0.0253205856524788
0.0261643781214727
0.0269448326822832
0.0276741789268238
0.0283598275230360
0.0290064138268904
0.0296158079771064
0.0301884819452493
0.0307266117522273
0.0312338613919086
0.0317430238869315
0.0322096834401203
0.0325703916701193
0.0328431606549751
0.0331011169900656
0.0334088989980629
0.0337749631470553
0.0341539406846929
0.0344868553998356
0.0347420706953580
0.0349313927070867
0.0350958034836837
0.0352632458630497
0.0354192352140659
0.0355167993578570
0.0355063197475991
0.0353701002890556
0.0351161341274462
0.0347629789513125
0.0343229623370788
0.0337672397291885
0.0330215180640013
0.0319579355352233
0.0304267643476398
0.0283453923585019
0.0257890032720717
0.0229340093910712
0.0200071328925105
0.0171965760857710
0.0145895525882364
0.0121928014274554
0.00992353658041355
0.00769191020449593
0.00547307855460556
0.00324841025277200
0.00102722094595378
-0.00117161617120931
-0.00335086853077711
-0.00549868621994420
-0.00760529581462664
-0.00965419554452551
-0.0116385078576096
-0.0135683622983367
-0.0154570660579035
-0.0172939350372796
-0.0190487732520774
-0.0206813443102633
-0.0221695160534503
-0.0235154785536583
-0.0247247801506041
-0.0257988044050750
-0.0267463505107631
-0.0275821189058071
-0.0283291434711949
-0.0290036084541657
-0.0296261427282749
-0.0302098327269482
-0.0307621906042372
-0.0312874449128609
-0.0317901761337277
-0.0322724991828626
-0.0327331810953525
-0.0331710227089422
-0.0335838136097457
-0.0339860437224240
-0.0343772813756877
-0.0346801138409003
-0.0348784437957466
-0.0350366037972629
-0.0352261019078279
-0.0354859831412030
-0.0357867665720042
-0.0360675579954735
-0.0362909689834171
-0.0364617948070282
-0.0365912568142746
-0.0366563739548630
-0.0365953927838070
-0.0363329135123036
-0.0358544134421803
-0.0351568836299384
-0.0342749995492131
-0.0332098118489639
-0.0319215641998105
-0.0303028370735410
-0.0281108410360219
-0.0251335025246405
-0.0215066756708295
-0.0175823921089476
-0.0137812118434065
-0.0104476708036416
-0.00778053756334949
-0.00579627051814151
-0.00437196969418101
-0.00331986000065569
-0.00248704765174114
-0.00178472942115476
-0.00117897900299780
-0.000669169314440719
-0.000262172400901928
4.29301900163167e-05
0.000256935544962044
0.000396133607894997
0.000477143911573129