-0.000189
-0.000259
-0.000264
-0.000239
-0.000201
-0.000166
-0.000145
-0.000138
-0.000139
-0.000141
-0.000144
-0.000147
-0.000149
-0.000149
-0.000147
-0.000144
-0.000141
-0.000138
-0.000136
-0.000133
-0.000131
-0.000129
-0.000127
-0.000125
-0.000177
-0.000256
-0.000329
-0.000394
-0.000395
-0.000420
-0.000277
0.000289
0.001463
0.003650
0.007514
0.013685
0.021904
0.030305
0.037369
0.041782
0.043607
0.043851
0.043235
0.041664
0.039303
0.037082
0.035507
0.034745
0.034774
0.035347
0.036183
0.037056
0.037863
0.038569
0.039121
0.039492
0.039718
0.039861
0.039951
0.040008
0.040048
0.040077
0.040104
0.040570
0.041827
0.042800
0.042709
0.041668
0.040454
0.039838
0.039857
0.039998
0.039830
0.039107
0.037826
0.036012
0.033449
0.029668
0.024733
0.018823
0.012854
0.007772
0.003922
0.002319
0.003052
0.005142
0.007137
0.007610
0.005848
0.002174
-0.002542
-0.007282
-0.011360
-0.014845
-0.017817
-0.020503
-0.022911
-0.025195
-0.027465
-0.029974
-0.032221
-0.034209
-0.036198
-0.038022
-0.039514
-0.040181
-0.039791
-0.038827
-0.037677
-0.036716
-0.036108
-0.035888
-0.035999
-0.036358
-0.036865
-0.037402
-0.037880
-0.038276
-0.038594
-0.038842
-0.039031
-0.039170
-0.039267
-0.039343
-0.039414
-0.039491
-0.039577
-0.040544
-0.041842
-0.042390
-0.041779
-0.040519
-0.039474
-0.039093
-0.039006
-0.038508
-0.037144
-0.034766
-0.031898
-0.028515
-0.023804
-0.017485
-0.009972
-0.001163
0.007472
0.011826
0.011099
0.006578
0.000844
-0.003745
-0.006035
-0.006137
-0.004738
-0.002985
-0.001497
-0.000523
-0.000064
0.000039
0.000002
0.000028
0.000172
0.000423
0.000787
0.001131
0.001328
0.000991
-0.000428
-0.003599
-0.009526
-0.018364
-0.027897
-0.035928
-0.040401
-0.041306
-0.040527
-0.039339
-0.037706
-0.035638
-0.033797
-0.032562
-0.032100
-0.032329
-0.033079
-0.034048
-0.035000
-0.035789
-0.036396
-0.036831
-0.037088
-0.037203
-0.037241
-0.037268
-0.037313
-0.037381
-0.037465
-0.037558
-0.037903
-0.039220
-0.040420
-0.040504
-0.039434
-0.038008
-0.037127
-0.037220
-0.038072
-0.038984
-0.039081
-0.038083
-0.036457
-0.034758
-0.033212
-0.031508
-0.028923
-0.024953
-0.019874
-0.014137
-0.008417
-0.003760
-0.001473
-0.001537
-0.002928
-0.004314
-0.004377
-0.002588
0.000723
0.004889
0.008984
0.012554
0.016015
0.019392
0.022644
0.025649
0.028526
0.031086
0.033267
0.035105
0.036584
0.037389
0.037403
0.036467
0.035225
0.034057
0.033168
0.032699
0.032651
0.032984
0.033629
0.034462
0.035337
0.036077
0.036596
0.036907
0.037077
0.037162
0.037199
0.037211
0.037210
0.037212
0.037232
0.037280
0.037360
0.038508
0.040193
0.041019
0.040378
0.038839
0.037482
0.037111
0.037335
0.036752
0.034453
0.030884
0.027418
0.024268
0.020903
0.016580
0.011130
0.004792
-0.002005
-0.008586
-0.012323
-0.010827
-0.006022
-0.000105
0.004832
0.007471
0.007552
0.005799
0.003445
0.001496
0.000304
-0.000183
-0.000191
-0.000015
0.000136
0.000190
0.000165
0.000107
0.000049
0.000003
