0.899354
0.899267
0.899127
0.898572
0.898061
0.898052
0.898368
0.898623
0.898719
0.898792
0.898938
0.899107
0.899223
0.899289
0.899351
0.899429
0.899511
0.899583
0.899651
0.899722
0.899796
0.899867
0.899934
0.899997
0.898599
0.895226
0.890269
0.882826
0.872107
0.849146
0.808458
0.745790
0.669802
0.597623
0.545428
0.521944
0.548082
0.631353
0.731975
0.824032
0.893558
0.937365
0.958681
0.963754
0.961412
0.958260
0.956407
0.955434
0.954298
0.953594
0.953695
0.954415
0.955332
0.955896
0.955938
0.955564
0.954803
0.953663
0.952211
0.950557
0.948786
0.946948
0.945105
0.943419
0.942235
0.942558
0.943575
0.943468
0.941438
0.938319
0.948010
0.974873
1.013822
1.054202
1.085105
1.099346
1.093799
1.068378
1.026204
0.970163
0.902660
0.837414
0.810893
0.838064
0.897711
0.956674
0.995118
1.008617
0.996511
0.966899
0.942753
0.945830
0.973323
0.986526
0.973238
0.953652
0.938287
0.935745
0.941377
0.928132
0.888557
0.835082
0.781497
0.736567
0.706216
0.691042
0.688054
0.691729
0.697959
0.704558
0.710250
0.714625
0.717728
0.719794
0.721109
0.721947
0.722454
0.722832
0.723333
0.724065
0.725055
0.726325
0.727855
0.729564
0.731379
0.733218
0.735014
0.736418
0.736808
0.736650
0.737346
0.739523
0.742683
0.739360
0.717959
0.679507
0.635624
0.599195
0.576692
0.573233
0.597226
0.658737
0.755645
0.842436
0.866670
0.833396
0.808172
0.809895
0.817067
0.819116
0.819133
0.821825
0.823951
0.821853
0.815749
0.815794
0.822459
0.828692
0.830226
0.830445
0.834577
0.846477
0.873092
0.919306
0.993207
1.084057
1.169552
1.228612
1.255180
1.228045
1.130537
1.014963
0.920292
0.854141
0.814678
0.795776
0.791396
0.794309
0.797641
0.799225
0.799552
0.799242
0.798575
0.797204
0.795407
0.793707
0.792703
0.792607
0.793411
0.794850
0.796676
0.798649
0.800634
0.802535
0.804304
0.805965
0.807443
0.808367
0.808204
0.808042
0.809290
0.811994
0.815275
0.818167
0.819864
0.817700
0.802354
0.773977
0.738883
0.705098
0.679197
0.665726
0.668281
0.689586
0.728296
0.777778
0.819861
0.831519
0.807102
0.762778
0.721320
0.694993
0.687909
0.702627
0.734299
0.759744
0.748213
0.711981
0.697486
0.712466
0.731327
0.746458
0.780519
0.830570
0.885832
0.935761
0.974081
0.998896
1.009087
1.008542
1.002895
0.996163
0.990148
0.985230
0.981791
0.979757
0.978953
0.979111
0.979804
0.980673
0.981464
0.981850
0.981607
0.980715
0.979316
0.977578
0.975639
0.973638
0.971676
0.969849
0.968228
0.966749
0.966597
0.968332
0.970130
0.969866
0.967107
0.963074
0.971525
1.008920
1.071328
1.139892
1.197198
1.233102
1.227188
1.164298
1.038338
0.875621
0.744839
0.693478
0.705130
0.730559
0.748041
0.753942
0.748605
0.732369
0.711486
0.696925
0.697707
0.709761
0.716670
0.713728
0.707337
0.704053
0.704663
0.706597
0.707959
0.708710
0.709506
0.710589
