0.900635
0.900718
0.900857
0.901413
0.901927
0.901938
0.901623
0.901367
0.901272
0.901198
0.901052
0.900883
0.900766
0.900700
0.900638
0.900560
0.900479
0.900406
0.900338
0.900267
0.900193
0.900122
0.900056
0.899993
0.901402
0.904822
0.909862
0.917448
0.928399
0.951816
0.993102
1.056198
1.132198
1.204103
1.256032
1.279218
1.252701
1.168421
1.066942
0.975467
0.907772
0.865534
0.844769
0.839527
0.841532
0.844455
0.846207
0.847112
0.848124
0.848672
0.848405
0.847514
0.846408
0.845618
0.845316
0.845407
0.845869
0.846695
0.847822
0.849146
0.850586
0.852095
0.853611
0.854993
0.855884
0.855297
0.854053
0.853899
0.855572
0.858297
0.849249
0.824323
0.788577
0.752001
0.724033
0.710501
0.714098
0.735274
0.771588
0.821631
0.885095
0.948979
0.976737
0.954723
0.901671
0.847010
0.810391
0.797488
0.809813
0.839477
0.863419
0.860941
0.835105
0.822550
0.835571
0.854786
0.869841
0.872268
0.866665
0.879618
0.918722
0.972245
1.026773
1.073121
1.104614
1.120209
1.122944
1.118641
1.111733
1.104544
1.098411
1.093736
1.090437
1.088236
1.086816
1.085882
1.085281
1.084802
1.084183
1.083314
1.082168
1.080726
1.079010
1.077106
1.075090
1.073046
1.071042
1.069446
1.068871
1.068859
1.067989
1.065582
1.062141
1.065939
1.090047
1.134749
1.189249
1.237582
1.266845
1.269284
1.236482
1.159253
1.044110
0.943745
0.919178
0.956944
0.985093
0.983239
0.974638
0.970850
0.969086
0.964970
0.962370
0.964848
0.971572
0.971737
0.965133
0.959023
0.957562
0.957351
0.953380
0.942040
0.916735
0.872574
0.800839
0.711468
0.626611
0.567747
0.540899
0.566828
0.661839
0.774770
0.868585
0.935709
0.976403
0.995764
1.000023
0.996821
0.993292
0.991635
0.991273
0.991530
0.992111
0.993386
0.995077
0.996652
0.997494
0.997385
0.996343
0.994649
0.992562
0.990328
0.988088
0.985941
0.983931
0.982035
0.980332
0.979189
0.979132
0.979086
0.977611
0.974627
0.971045
0.967884
0.965954
0.968015
0.984067
1.014673
1.053918
1.092873
1.122925
1.137833
1.133430
1.107275
1.061641
1.005273
0.959599
0.949935
0.980834
1.032496
1.078432
1.106282
1.113401
1.098830
1.068166
1.043624
1.056160
1.093240
1.107994
1.093153
1.074324
1.059114
1.024937
0.974941
0.920166
0.871130
0.833712
0.809444
0.799270
0.799459
0.804572
0.810777
0.816346
0.820888
0.824026
0.825818
0.826427
0.826099
0.825242
0.824204
0.823238
0.822665
0.822707
0.823386
0.824565
0.826083
0.827805
0.829593
0.831347
0.832973
0.834395
0.835697
0.835658
0.833733
0.831789
0.831885
0.834386
0.838128
0.830089
0.795336
0.740042
0.682250
0.633920
0.602256
0.604796
0.656952
0.766754
0.912412
1.032837
1.083819
1.079272
1.062645
1.048294
1.042391
1.046639
1.061027
1.079492
1.092105
1.091501
1.081412
1.075594
1.078297
1.084087
1.087058
1.086452
1.084624
1.083331
1.082610
1.081848
1.080818
