76.9230769230769
76.8938041258106
77.1993706860351
77.2492425180976
77.2923233630398
77.3343232539090
77.3784807984121
77.4250045266110
77.4727257031430
77.5205866148005
77.5681367650335
77.6153913808195
77.6625384762589
77.7097310917149
77.7570160555509
77.8043642462293
77.8517342930748
77.8991127398791
77.9465077858305
77.9939275108263
78.0413688379782
78.0888225011410
78.1362814181043
78.1837430954188
78.2312072695582
78.2786736678761
78.3264459148788
78.3747092593366
78.4234427767591
78.4730004608915
78.5239073238618
78.5789591079045
78.6406688805481
78.7117503705896
78.7912355098011
78.8764625294181
78.9665268984234
79.0634416906276
79.1638867451289
79.2602538546308
79.3539254030803
79.4412112510807
79.5187879603437
79.5939981046946
79.6632814757752
79.7199398783279
79.7636534073627
79.7969250083600
79.8222984406978
79.8451908266938
79.8670373845955
79.8881551686505
79.9086192068099
79.9285254737230
79.9481029835895
79.9672868546516
79.9859143940253
80.0039259707115
80.0214523744962
80.0384174205465
80.0547714597334
80.0705573230762
80.0857410142977
80.0993120994469
80.1091843732982
80.1178007983081
80.1288592175898
80.1427493711581
80.1578926994261
80.1723532725824
80.1847270145129
80.1948549476084
80.1990147445201
80.1965329292572
80.1895224129562
80.1813200227514
80.1748652683956
80.1720864769098
80.1738804941000
80.1805164005125
80.1904538112212
80.2014136281173
80.2102761311037
80.2102141765216
80.1903034054354
80.1508424248706
80.1047349547572
80.0744577272652
80.0635016541063
80.0691597286269
80.0854935179825
80.1045091931088
80.1201037298051
80.1292310710783
80.1266556709707
80.1237557130171
80.1259951116236
80.1269507375719
80.1404457732783
80.1598094682321
80.1744141561884
80.1947604909274
80.2275146318866
80.2813351553873
80.3600453178604
80.4375166097068
80.5081499794820
80.5693184873978
80.6218696963403
80.6823213047967
80.7385475106217
80.7906641459798
80.8403441823756
80.8892812432140
80.9387175159621
80.9877283752934
81.0348000217498
81.0793613392706
81.1232836304335
81.1637898528155
81.2007415019499
81.2353805990743
81.2676873389112
81.2976532787986
81.3252745851539
81.3508652835791
81.3748159834127
81.3953277491695
81.4062662057384
81.4044969021602
81.4040456852632
81.4182356701380
81.4462185712786
81.4761271235886
81.4956374743648
81.5108890913679
81.5451986418530
81.6089869897269
81.6935477972206
81.7758282709107
81.8313458496063
81.8440911948160
81.8058754258324
81.7136806806426
81.5900079844961
81.5070158977198
81.5267900216479
81.6120580410701
81.6816583711319
81.7230175290471
81.7492331507352
81.7549985345686
81.7526763046669
81.7735095466768
81.7974800200831
81.8291813421079
81.8682762380719
81.9079569237339
81.9456148980621
81.9826316473541
82.0208937247744
82.0607812561833
82.1017487857038
82.1425744457305
82.1805705079694
82.2131861391695
82.2365010804924
82.2513258995104
82.2609323775370
82.2673614003385
82.2667537320823
82.2627963245902
82.2671823915312
82.2748680221117
82.2831691004375
82.2930703283385
82.3120096013479
82.3636509852743
82.4150732522849
82.4686414588007
82.5261275165962
82.5881440976248
82.6595243105004
82.7284382043369
82.7939139720382
82.8555563877851
82.9123881619830
82.9637100182844
83.0099037060491
83.0510915879478
83.0879863875423
83.1227479118077
83.1565717091738
83.1880535189022
83.2177735811474
83.2466189198159
83.2738038960773
83.2963520187500
83.3069897952179
83.3090094513299
83.3173976136015
83.3401210319710
83.3724992802757
83.4019799109554
83.4192766531300
83.4258142923142
83.4311335975273
83.4468393055824
83.4874890617838
83.5508031867846
83.6226025385781
83.6868290762786
83.7338250900306
83.7609561425047
83.7659842516935
83.7449729311186
83.6993668262614
83.6420495142192
83.6029458758345
83.6115205947361
83.6681500782308
83.7403993414003
83.7972270225319
83.8306328453078
83.8628278555928
83.8784707564727
83.8858488380419
83.9038373182053
83.9747130139085
84.0682136759309
84.1532400260572
84.2225735107088
84.3002930832975
84.3851265832574
84.4531350010366
84.5089390419885
84.5565210332173
84.6109898762854
84.6607814744417
84.7052008050657
84.7453868909609
84.7813283850217
84.8133479521415
84.8425163570453
84.8706878817338
84.8963613379122
84.9192918259475
84.9397053676001
84.9580366493716
84.9750756883286
84.9912438118404
85.0069751765738
85.0225485143656
85.0379059688058
85.0529312033648
85.0675471644566
85.0817023692165
85.0952754133511
85.1082331702523
85.1205245931908
85.1321592236739
85.1412342235628
85.1471021176908
85.1537027207695
85.1632635960066
85.1748840125621
85.1871116741754
85.1982076738168
85.2073973802589
85.2153702637663
85.2179120627461
85.2086848709924
85.1886398408912
85.1635494648833
85.1378939337135
85.1157011642242
85.1042694292711
85.1101235103878
85.1341750845005
85.1649607999397
85.1770529074282
85.1511790728568
85.0977799477314
85.0572136945592
85.0327588676863
85.0297498070902
85.0582818787579
85.1214865430323
85.1933184470659
85.2627509129889
85.3222860504753
85.3715767070216
85.4160487257119
85.4598356715436
85.5039107669258
85.5479914960913
85.5924105255201
85.6377980879265
85.6842239394106
85.7310992988161
85.7777184632870