4592.27963075735
4587.67404771486
4538.34627907430
4457.40067623239
4399.98561536462
4384.04814061055
4397.69587009001
4419.88898998880
4436.00854681992
4442.06470834152
4441.04759102286
4437.60599441676
4434.83845020994
4433.72664174291
4433.92419650934
4434.69350893030
4435.46363138983
4435.97833473119
4436.21654280181
4436.26125882066
4436.20638757746
4436.12023358436
4436.04188988348
4435.98628040483
4435.95002787132
4435.91954864208
4436.31266949190
4437.56174838928
4439.37442191701
4441.10603866696
4441.84232806309
4441.35453552672
4438.55322655114
4428.99422276152
4406.08342180194
4361.42812493928
4282.53068433715
4154.10261432812
3967.78435212987
3739.60351298851
3506.86006467050
3309.00149610050
3166.02313516757
3072.49273659550
3008.43623749094
2957.33522647286
2914.83197197621
2878.46409212934
2843.06588553633
2801.71505790167
2751.65463710661
2696.62627921115
2643.55771494152
2598.34155208258
2562.79411434692
2535.51155890760
2514.48230991368
2497.93881013214
2484.61677923635
2473.43218694087
2463.40747195654
2454.12837991887
2445.50773624014
2378.91816372130
2278.75678690613
2275.78957361272
2349.43549081018
2430.86430198305
2460.80851496616
2428.97530095959
2370.32022249841
2330.19443455594
2330.74627537296
2362.47549452234
2398.86047438158
2418.00343973140
2416.55750467561
2408.51257762383
2414.83490263657
2451.99684160330
2526.45434110911
2634.20597002886
2732.63163033478
2811.35505242219
2892.25705089404
2973.63773568127
3040.19917110712
3087.86870307553
3130.81266076224
3192.28529723617
3293.54438462831
3439.73309552970
3617.99705532532
3805.31460488730
3990.22924746792
4182.30944460533
4381.50295113150
4582.96115024597
4785.88829210286
4986.90236097483
5181.27264076627
5368.53386590692
5542.24025715036
5701.55881226052
5844.35217216014
5970.11508830873
6076.41246634999
6162.91099180066
6228.12107186585
6270.29195556895
6290.49547133819
6293.98787661784
6289.04263990555
6284.81842698628
6287.91780493378
6300.22872046429
6320.26587565352
6344.35436872449
6368.87180541309
6391.07686348003
6410.09566606640
6426.08648869626
6439.39864081549
6450.26451529867
6459.07280716220
6466.44743196082
6473.00678093401
6479.05050477520
6482.19860566456
6491.03393609094
6515.95047981372
6553.11695520338
6584.27409574311
6592.78272613391
6577.36180164443
6551.29299531325
6531.15576156004
6524.52593681626
6525.88484649882
6522.41880178180
6502.89157936458
6463.72242618036
6404.87181063306
6321.26422356779
6204.69380735287
6045.54613609244
5840.93678031552
5622.20734630866
5452.90135184313
5373.39040257752
5373.55535233675
5401.47254000340
5395.54296899366
5319.53090229608
5176.86915021505
5001.45599776071
4834.63519125296
4703.51865815818
4614.85545197587
4561.42756242421
4530.64597237555
4509.51787395329
4488.30824454554
4462.85693564405
4433.78327867846
4404.96274112267
4382.03535632938
4372.42486929852
4387.03570413804
4440.41874867281
4551.84932855506
4738.78621087451
4986.65142332227
5237.25033001711
5423.81151251645
5538.92067501023
5626.37444869483
5711.85813636146
5796.87584021331
5875.27826758840
5945.69759722078
6009.68475372993
6069.15072479485
6126.36508050636
6182.04189166554
6234.10797177909
6280.26700325522
6319.71724639712
6352.57088796920
6379.03733843816
6399.46630873895
6414.72532157843
6425.86208138776
6434.06307532505
6440.80523858433
6447.21475307741
6454.00107787727
6459.32160320073
6464.05056565319
6479.40052453727
6511.78640161622
6550.34580952233
6575.06565354210
6574.57772390117
6554.15610102384
6530.24394906781
6519.26886954889
6526.90882653848
6544.68826753920
6557.01729611468
6553.45719407466
6534.96989356526
6510.00805812055
6485.51937033299
6460.30361460005
6425.42504599686
6368.51882558687
6280.63129362756
6162.47006842448
6026.53185249559
5896.03969770770
5796.27347649487
5735.42379270642
5696.19080132412
5645.79417649285
5551.24016400255
5396.78302540159
5189.25177055051
4952.14880213177
4713.33403513361
4487.49061567496
4273.78509210453
4067.09433109858
3864.72015870550
3670.00415754727
3488.10727980662
3323.81608049544
3179.80667767524
3057.65315455691
2957.55153635380
2881.44776176941
2828.51544292843
2794.31939877866
2768.47576172471
2740.32893143441
2705.74923908850
2666.83860988166
2627.23170694810
2589.96685775056
2557.02002211908
2529.34066328798
2506.97194385050
2489.40625608144
2475.84524131456
2464.94531155955
2455.41492958595
2446.64222078885
2438.73645623506
2431.70013494200
2425.38298949703
2419.49781333825
2313.24439739625
2246.90002291303
2276.05578893239
2356.95283153090
2419.60938732574
2423.27707072259
2378.94624066829
2329.62321582307
2311.15899218135
2328.69772442788
2363.59175189466
2397.10039767384
2425.22802612764
2455.33850636561
2492.84651474492
2541.50448001743
2607.89073945376
2688.36545318101
2780.99181694002
2909.97296322658
3075.42756991984
3242.49507444254
3361.62344035923
3428.73073577239
3470.67723078583
3508.39787121115
3562.20924471464
3646.57103118956
3761.24497153299
3889.01180686130
4010.54822495825
4116.11672045000
4204.44256774335
4274.64459968552
4326.50866889500
4361.73710740497
4383.46545370812
4395.40551657371
4401.02523188164
4403.16951230075