4592.27963075735
4587.67404771486
4535.27301295421
4447.99632510020
4385.47642224539
4367.89010247095
4382.63727531468
4406.81671243747
4424.23752478107
4430.29629865912
4428.30578335239
4423.61291489418
4419.86926751253
4418.21885362083
4418.20631849553
4418.94717383299
4419.79102605942
4420.45058216787
4420.87955242104
4421.13183429077
4421.28362127110
4421.40074161228
4421.52575260440
4421.67594579600
4421.84943443249
4422.03458615933
4421.78697678929
4420.65668450605
4418.93046360666
4417.25681705573
4416.55661884008
4417.06963064027
4419.88787162053
4429.49074734082
4452.54739381142
4497.50859958467
4576.79017891416
4705.04709328452
4887.40696214222
5097.83566025493
5290.40182719211
5442.70334008995
5572.79114532563
5696.89875711512
5814.33400488279
5921.01067053080
6013.16214838008
6091.02570784892
6154.85190912717
6206.82997720934
6249.85287896727
6285.79207714104
6315.64605317291
6340.75992422927
6362.45234843869
6381.80033439813
6399.12176827166
6414.44329311463
6427.52899085866
6438.59394729234
6448.25590215208
6456.94447787110
6464.93380035438
6472.42836646786
6476.58780948939
6481.62836190494
6499.33990393505
6533.19424992061
6569.73441710194
6589.73869871273
6584.95533188392
6563.20404851396
6540.99903222590
6531.31946709378
6535.40441469450
6544.04309541446
6545.46372948877
6532.94153416370
6505.70964839884
6464.92108909931
6409.68780791717
6335.19964617141
6236.66607741518
6115.99012894254
5986.95522063370
5870.54570492975
5787.07260520068
5741.26651225315
5715.14405062857
5675.67796333860
5589.89874297697
5440.91802054998
5234.92320808244
4997.10348706197
4758.12010876417
4537.26965327114
4338.28205173608
4155.57670418038
3981.98715062032
3814.24960182807
3653.71664564430
3500.04498340709
3354.62385869006
3221.76785889108
3103.79650680467
2999.31518524018
2909.37427126869
2834.97058844104
2778.36163971832
2739.92307336127
2713.10431983569
2689.47436267036
2663.64071444301
2633.83004751625
2601.57934544802
2570.18183858182
2542.06092771335
2518.51055898845
2499.58113259401
2484.67200269189
2472.36279528569
2461.49229941564
2451.67170057650
2443.10792768384
2435.89859944446
2429.80861214168
2424.35358284438
2315.18564607842
2256.00090197457
2290.27320461598
2372.93829065845
2435.35158910337
2438.45225706074
2393.54434907740
2342.61219323141
2321.96881553384
2339.58534312270
2378.43025442353
2415.28097080112
2438.26616026282
2453.63886614853
2476.89316133429
2525.58691757044
2617.36554877464
2735.43916663017
2867.96978660105
3037.33434984551
3208.35353025127
3326.27433992314
3388.68958199280
3423.90978913772
3458.17910965522
3515.59642305820
3608.24578056086
3729.98943300223
3860.41914042629
3983.66675376373
4093.92683688106
4190.19430816972
4271.03580886736
4335.11081279525
4383.09421533871
4417.00943737068
4439.71923695164
4454.78942138224
4464.81825737207
4470.25419565373
4467.27651695570
4446.10182902607
4391.47779127204
4282.11863104090
4098.99793472659
3852.29548584825
3591.44568366899
3373.86311418387
3230.91105484814
3152.68283466907
3104.63377861550
3057.37797648374
3004.01889277756
2947.81819068502
2891.59109362138
2835.01952592494
2776.65319351364
2717.79476755830
2662.55439735113
2615.52772406765
2578.73342485629
2550.62959408865
2528.85579769170
2511.54495149423
2497.25969816457
2485.00797154716
2474.23563715698
2464.26231351784
2454.69301836153
2409.99135997350
2291.12951827978
2266.04281114845
2330.32313234764
2418.56248334953
2463.17348120126
2442.23111038301
2384.58515221360
2337.57386837598
2329.52632498046
2354.32608044680
2383.74880367835
2393.59151353859
2382.39413086552
2368.27874237289
2370.61501134356
2395.00049638888
2433.25119268499
2474.95573695128
2519.35009453214
2579.18349207463
2666.31521734976
2755.53345827586
2850.28415280988
2945.46173009211
3023.33617118613
3080.42828999683
3132.83157012527
3203.98964443259
3314.02626411317
3465.12925401874
3643.75954056004
3830.72018799810
4019.00051209916
4220.93608854036
4433.48797106066
4651.59757248562
4874.23508484443
5094.85483435375
5308.84433223419
5510.55075891287
5696.71412477559
5862.97351887656
6006.70079786373
6123.60120876197
6211.95347320112
6270.65251592462
6301.49307488645
6307.19054086595
6295.18347189520
6276.85148384568
6263.89644916666
6264.26412836280
6279.39931653763
6305.15882369585
6334.98980181795
6363.31074312658
6386.81813266515
6405.12037105382
6419.37146561102
6430.85340133372
6440.30961437142
6448.40248663876
6455.70054139443
6462.59590139333
6469.30692677412
6473.10770576596
6482.45995343579
6509.04981247366
6549.54655866326
6584.41643616012
6595.37900511268
6579.99908272849
6552.62426661621
6532.23533156314
6527.08201759263
6528.37695667302
6519.49981851983
6490.46771777859
6443.92440528379
6385.89468966735
6315.83970489852
6226.53840764429
6107.06460601289
5952.13482571718
5765.64232285291
5569.76672349621
5411.59582231210
5331.51014358062
5323.41247444402
5344.17120006711
5339.85021359889
5273.53555790514
5141.32420331699
4971.28342577843
4804.79687300291
4674.07619956836
4590.10061963439
4546.51335462892
4528.51969441312
4520.10940861017
4509.57594272193
4492.36718350723
4470.31589130289
4448.25756549750