3116.12073602051
3123.05252844862
3159.70573991906
3228.42834231166
3260.83608238070
3252.92600413830
3231.81297921371
3218.45689493191
3217.86488769803
3224.30902150489
3230.38540133828
3232.59678349303
3231.55467408869
3229.48160469393
3228.04116691927
3227.64932859686
3227.89699837987
3228.23698152121
3228.37708612142
3228.30377800081
3228.12733271235
3227.94641496782
3227.80133687834
3227.68889721974
3227.59170312293
3227.49649384740
3227.71141247557
3228.58442338038
3229.84653164223
3230.96609559175
3231.28287483612
3230.61315145722
3228.21065225387
3220.58284535371
3202.50064012333
3167.49519230058
3106.05201108590
3006.33060905359
2862.31256613522
2688.20094010364
2515.14715245939
2370.86782126547
2263.85244883302
2183.97206761304
2116.13302474428
2053.88305077145
2000.29109807844
1956.90784176074
1919.58510180355
1881.54385842088
1839.49321233403
1795.34585763974
1753.71489130939
1717.87478156388
1688.36429056866
1663.80081005608
1643.08327166714
1625.46389174615
1610.59412598349
1597.80249762785
1586.28718605560
1575.67367485599
1565.77757083774
1558.02296743252
1562.23902143094
1582.29247335862
1599.16506055369
1594.38856743533
1569.98968800851
1543.83371457183
1532.62756650873
1539.09772081701
1552.86556851495
1561.64178551502
1560.60406693950
1553.68878260244
1549.06447468202
1553.47261946887
1570.33954811657
1600.68457514857
1644.44482600666
1700.68433627364
1767.37134345446
1841.70398256473
1917.86954565463
1986.04365100440
2037.86898567694
2073.91522300630
2106.12927778147
2153.01902408030
2232.71304112952
2349.10938188467
2489.99240871612
2638.50142751210
2790.36868658239
2949.91526501624
3114.61953200575
3281.27944015141
3447.67139414820
3609.83326087532
3766.06977159838
3914.47573378657
4053.24123335271
4179.31723380970
4292.03966210133
4390.82691515556
4474.82408392043
4542.73442639160
4592.92773250219
4624.07743719545
4639.68981763980
4646.07728310696
4649.69682249952
4655.75213004521
4667.18364991257
4683.72071375708
4703.66875246613
4724.69765167374
4745.11123500633
4763.55665706846
4779.85439670526
4794.22403313988
4806.71976105652
4817.34165721980
4826.34591075816
4834.20626073415
4841.36866022699
4842.01390497896
4823.47225565062
4792.73801263923
4778.64612065487
4797.21513603468
4836.25934964295
4868.34757394351
4875.20227107648
4859.28272615728
4836.55113081206
4822.50641205639
4822.13700589946
4828.52782713290
4829.38668443333
4816.13464212260
4785.10337605477
4734.00121082725
4660.80246046088
4557.67176999000
4419.79290468467
4274.57340424173
4170.82508712738
4128.12177475379
4124.35941730079
4115.93000397683
4068.39899924566
3973.89988971902
3847.87167321416
3715.78062002846
3599.79005679019
3510.34915330263
3446.74807687221
3402.39693198183
3369.90291489568
3342.91889242362
3317.37854303388
3292.11878927485
3267.72436885849
3245.83028127048
3229.06187760903
3221.89182479970
3232.20775161578
3271.00899563446
3352.49728227016
3487.01927054248
3658.83493093721
3823.61863761148
3948.42380305711
4040.28101881302
4116.72632649378
4187.03207196328
4255.36663789995
4319.54459818030
4378.47973917743
4432.59205735889
4482.98278603746
4530.97255180497
4576.83499527276
4619.30921440300
4656.70979076381
4688.55698952685
4715.24642302586
4737.31882774353
4755.17778079323
4769.62710772076
4781.50683528128
4791.46127000397
4800.35643396860
4808.83013028448
4816.46091184453
4811.60302812499
4785.55307524860
4757.01769745021
4755.30540755496
4786.76893991856
4829.84635557786
4856.27427959512
4854.80515111273
4835.30105487693
4817.28078576479
4815.37284835954
4829.40293232829
4846.35676052936
4852.73105591994
4844.93188156895
4829.38532491986
4814.48207153311
4802.58929583392
4788.06536778265
4760.79284306380
4713.44751579316
4645.18796982101
4562.18629096292
4479.21995681292
4414.13115172975
4371.50596624019
4335.60414705900
4282.73022095746
4193.13737711578
4062.52548578949
3900.56346416587
3724.29811375585
3549.55611086849
3380.14947065422
3211.86572408970
3041.76787664203
2869.80955761011
2700.68938946619
2539.92117916879
2391.42858661953
2257.73159971704
2140.37147618149
2040.99220761185
1962.83005888640
1906.92605528482
1870.63180360915
1845.74833272412
1823.99915435655
1801.61861357418
1777.86160395234
1752.17645922813
1724.39340434108
1695.79046624922
1668.51866214904
1644.55894974022
1624.84872576515
1609.41778554861
1597.02385057849
1586.26539664418
1576.43724550317
1567.52240713112
1559.45926171108
1552.05557782102
1545.10084970575
1542.03501525435
1553.97823820523
1576.11970425313
1585.70934942505
1572.08942701738
1546.03225784799
1527.26737780972
1527.32249142939
1540.88697079709
1553.99219087856
1559.06642326685
1561.21981722315
1570.76851951635
1592.25341484407
1621.76611905851
1655.81429748139
1697.33367113023
1754.26613670326
1835.74688443638
1943.48280918787
2068.80137299969
2192.36075818239
2292.70119657349
2362.97979490817
2405.50259961758
2430.39318626093
2461.65093438390
2522.08495360095
2615.61213824811
2724.28810129793
2827.85602804022
2917.73301678372
2992.08211479706
3049.00405322710
3088.64900482747
3114.31369897232
3130.94867462918
3142.97101413136
3152.87913345931
3161.38871338465