3116.12073602051
3123.05252844862
3157.33423144787
3221.19882382568
3250.32826658316
3241.79193959382
3221.59588977670
3209.41084623616
3209.30931018605
3215.30792785270
3220.37307188994
3221.55238319721
3219.79761778545
3217.36102983986
3215.76927313953
3215.32063156946
3215.56405728601
3215.94606068685
3216.16413471931
3216.18573228775
3216.10992973101
3216.03548687567
3216.00576174416
3216.01825642972
3216.05524524324
3216.10379832839
3215.84576553891
3214.93212498956
3213.63231805701
3212.47803423282
3212.13141929895
3212.77681417274
3215.16086747275
3222.76543778945
3240.64086898418
3274.66724318772
3333.19841731402
3425.35787640819
3551.46432576568
3692.39654158403
3825.53917698562
3946.54824365806
4059.88482214318
4165.42417192580
4262.74742957587
4350.78638691707
4426.77683592872
4490.13340635333
4541.58481881150
4583.92352555269
4620.06091824492
4651.59245138563
4678.74734011648
4701.82924728236
4721.67821633692
4739.23293296708
4754.92143856962
4769.12333179600
4781.91442751487
4793.42244749150
4804.01392885134
4813.83496310313
4822.97932836471
4829.39614010854
4820.52538722783
4791.87553671991
4767.27021093891
4772.59845238795
4807.84352319419
4848.52356066924
4868.99329663706
4862.59828177322
4841.44776051024
4823.66554891647
4820.80151979363
4831.50946864512
4844.58872011613
4848.25237227092
4836.60350528008
4810.29906773500
4773.26490538615
4728.29127501932
4675.51541929928
4611.73840119937
4537.56457319948
4464.25517492002
4407.53342183560
4371.70091286507
4342.03715413771
4295.33957391222
4211.70606268915
4085.48200456871
3925.71966122790
3750.84872425160
3578.90320521079
3416.69117637980
3262.38420440859
3111.93475998957
2961.93940141778
2812.58592481349
2667.56226839689
2527.85682151710
2394.83520758970
2272.88466810883
2163.40865013654
2065.66444338290
1980.84306766510
1910.78178486787
1858.33723618323
1824.19398101733
1802.71276806712
1786.29149112838
1769.08469912043
1748.00647336889
1723.06797252729
1696.65624250014
1670.98268194796
1647.86169732064
1627.99390683513
1611.45230725817
1597.35257835442
1584.86260601839
1573.63676307723
1563.79069789991
1555.31779970616
1547.88943630280
1541.08714204548
1538.67943399290
1551.43259938467
1573.64305594488
1583.45598373532
1570.79591953893
1545.91579454778
1527.48362668114
1526.23516724629
1538.35056193739
1552.15129585115
1559.53923526984
1561.31135653714
1564.52249720593
1576.75336613335
1601.57480846107
1641.46095170342
1700.92620678780
1783.75200515413
1894.42489077381
2029.24954400589
2158.59159488514
2257.09187088813
2324.59742258150
2362.22453726628
2383.72575754196
2417.62179541823
2485.35339622736
2585.49096196933
2697.25819284279
2802.43133348468
2895.74351654098
2975.88432774471
3040.98276096127
3090.53636400457
3126.59194008388
3152.73555226279
3172.49790532986
3188.60949341020
3202.14792912222
3212.08138118774
3214.61450049897
3201.90365204174
3162.27113535709
3079.51841264316
2937.69270227081
2746.32693399159
2549.53633276461
2393.49885129677
2296.42260838556
2240.61687793274
2194.76099455365
2141.12301785323
2083.54374742203
2029.53517211359
1981.00559980119
1934.60620911233
1886.89996017681
1837.79347029852
1790.74137529555
1749.78797415376
1716.33400383149
1689.36943186242
1667.28717082032
1648.99949692388
1633.56125015416
1620.30839126930
1608.64438838026
1597.76387164987
1587.24912710497
1577.49151701759
1577.21884569739
1594.44372674446
1613.83885042899
1613.63187222218
1591.27503542246
1563.22511383657
1548.29131044704
1552.25260078152
1565.61442223135
1573.48539498409
1567.90429833708
1553.24074489862
1541.59830599058
1542.39528187688
1555.56778581588
1573.64719474309
1590.32682129938
1606.77713354269
1630.25341408815
1669.66401887286
1729.45757910574
1806.28959673276
1890.49967054582
1968.28219874046
2028.69365978814
2073.04900638457
2113.87158900006
2168.95536558488
2254.83459771405
2373.92910252106
2514.94373151301
2664.47191572782
2819.91075378879
2985.24673554965
3158.97645697813
3338.08933480494
3519.20258969929
3698.05884046447
3871.26176119529
4034.21102516528
4183.19109146767
4315.58210890479
4428.74196697472
4519.96353396641
4587.44316761083
4630.38921891678
4649.99797995255
4653.64492880764
4650.12765848275
4646.58629873718
4648.71477027865
4659.24876956188
4677.29507024376
4699.72297140403
4723.10130367416
4745.05389163073
4764.01541113718
4779.89204853063
4793.29091843047
4804.78997906119
4814.66565859469
4823.34187213513
4831.25222051867
4838.68978049673
4840.30542448422
4822.77969737281
4791.81139064118
4776.98774701642
4795.49486568935
4835.41606258703
4868.58490648207
4875.60059714904
4859.53429295875
4837.75138793551
4825.35904491278
4824.38260447532
4825.71103537196
4819.57233937197
4803.27736855727
4777.47774716831
4741.26548217696
4690.03272699332
4614.50213646409
4508.22035058860
4374.75255269899
4237.25534907111
4134.70542462430
4087.16087141685
4075.66601738928
4063.56599466373
4020.33371392315
3935.54416032025
3818.17055890521
3690.32622612590
3575.64834492287
3488.76964040653
3431.23508043481
3396.09997700667
3373.81070354557
3356.01916060793
3337.87937118774
3318.46632850453
3299.36515497856
3282.61976704398