0
1.68426957469541e-20
-0.000316280168699837
-0.000684429161606061
-0.000976552293413077
-0.00114733151096513
-0.00120141332276549
-0.00117886047169005
-0.00112569022038888
-0.00107082052584453
-0.00102484221668697
-0.000989610364844729
-0.000965140047752122
-0.000951041780564780
-0.000944076815692195
-0.000939116341760126
-0.000932813021917954
-0.000923920672223923
-0.000912903962547459
-0.000900462855711444
-0.000887134089434469
-0.000873442861586412
-0.000859877968537514
-0.000846682611085714
-0.000833807220329577
-0.000821080915787493
-0.000865162349474324
-0.000957457397513181
-0.00105256488084402
-0.00109634760601674
-0.000943421953386217
-0.000495559098793072
0.000694842682208931
0.00341506750393032
0.00846987217427763
0.0169549112820033
0.0306182847927926
0.0515129434964990
0.0804838159825123
0.114920925663883
0.150930056947183
0.184065890714051
0.211518192924719
0.232831875501893
0.248367000298894
0.258643717618045
0.263789933609615
0.265106972281540
0.264068337131968
0.261918159613523
0.259797576455477
0.258363416391874
0.257584128325262
0.257347892765329
0.257591306579188
0.258099121510218
0.258695166898353
0.259257695217156
0.259798357240336
0.260282335620630
0.260702900806525
0.261077222888455
0.261382081156368
0.261432851676687
0.260346218085718
0.258916025344412
0.258606679299886
0.259812844920062
0.261664591627666
0.262882644334910
0.262751243587931
0.261511306744684
0.259744616325762
0.257832822682562
0.255760925432813
0.253156312858909
0.249595365222752
0.244854119531625
0.238631726371941
0.230563624484216
0.219987417125707
0.205941080490120
0.187637625353893
0.165027182056913
0.139657643480312
0.114333108182191
0.0918924633527575
0.0742398005678289
0.0612831088048418
0.0512370579035708
0.0411373332311844
0.0284564137069518
0.0119291778474723
-0.00838124393120418
-0.0311327838658008
-0.0549403299503038
-0.0783141033409451
-0.100304719973372
-0.120334470143855
-0.138920684566032
-0.156369546509035
-0.173107543167758
-0.188468669442912
-0.202341326112943
-0.214728608953397
-0.226056621577662
-0.236082165472886
-0.244384810663762
-0.250655025896745
-0.254711443569994
-0.256699657038187
-0.257231220904558
-0.256944159585409
-0.256249974971163
-0.255448512588759
-0.254803924994897
-0.254343255584324
-0.254067006505987
-0.253992432464082
-0.254063962203821
-0.254227414451129
-0.254469376121846
-0.254754043257070
-0.254995439281767
-0.255172697870964
-0.255266529099927
-0.255288700314322
-0.254767679943924
-0.253253507680392
-0.252144492336125
-0.252493036816436
-0.254092815474242
-0.255790943896898
-0.256474061526093
-0.255848003293444
-0.254308470732961
-0.252214744675948
-0.249460085651828
-0.245509099351720
-0.239768999647451
-0.231887861457326
-0.221963820179950
-0.209406114391816
-0.193241699952226
-0.172047498701186
-0.143271079887355
-0.106293510950259
-0.0667803259693655
-0.0324664773095227
-0.00889461809399469
0.00269636528244778
0.00479276176820103
0.00150418516455722
-0.00309371135659707
-0.00623604199358769
-0.00701691529398149
-0.00586074230977109
-0.00387603588529822
-0.00207205920369380
-0.000926429180249845
-0.000409474308945808
-0.000236906310787881
-0.000170824928717567
-8.38259001796956e-05
7.39127134664711e-05
8.84211347998533e-05
-0.000493449394601777
-0.00259765755492115
-0.00765800496789138
-0.0176194304427809
-0.0354609184406024
-0.0633318585139549
-0.0988603609584311
-0.137312627058353
-0.172910138209848
-0.201456135201296
-0.222358252887263
-0.236879115018046
-0.246020259728064
-0.250513184103233
-0.251415224773805
-0.250322576806076
-0.248362344329076
-0.246436661480342
-0.245179350434148
-0.244760438735443
-0.244976184691041
-0.245558959997037
-0.246412331867482
-0.247282471468073
-0.248032992814553
-0.248560328123220
-0.248929548532087
-0.249184947049530
-0.249360029977507
-0.249510224026385
-0.249609422854177
-0.248768622046469
-0.247315028958300
-0.246827792243403
-0.247952569658006
-0.249949305993069
-0.251465729573179
-0.251606181682163
-0.250457226286831
-0.248864151677633
-0.247764306819264
-0.247505512218114
-0.247447468193784
-0.246476646887038
-0.243829484506406
-0.239453421218033
-0.233843473256852
-0.227318478023148
-0.219743672797152
-0.210428610214780
-0.198182330300017
-0.182016001340822
-0.161352531066694
-0.136909694957629
-0.111360802157375
-0.0876071554138029
-0.0676879457483328
-0.0517790779345291
-0.0385321470454386
-0.0255451224743338
-0.0109391360432437
0.00640067476514542
0.0265410129603067
0.0484561267036386
0.0716408267030559
0.0950105526162263
0.117617699230328
0.139143979049641
0.159317171452444
0.177763111551974
0.194001624520042
0.208213990961267
0.220357837249086
0.230495180885156
0.238140019577757
0.242962162181703
0.245528984431708
0.246294727328422
0.245823780453567
0.244838226990444
0.243666996285601
0.242620047481950
0.241916796120048
0.241731657333206
0.241935878504208
0.242438340397397
0.243102823445431
0.243815825269966
0.244471589770573
0.245034884611601
0.245505555674330
0.245844317612921
0.246056533980617
0.246141520262926
0.246122532555748
0.245592615106502
0.244018001302773
0.242879463548538
0.243368378508330
0.245169693053181
0.247123436345932
0.247893030208576
0.247166386045539
0.245648390335087
0.244026213790164
0.241936609937492
0.238195717505212
0.231737984389671
0.222354256675210
0.210776651049519
0.197139372294060
0.181509765300000
0.162921051411541
0.140198533131582
0.112295851386557
0.0786771553966786
0.0431153049421591
0.0134469760878559
-0.00569925199186674
-0.0132371678601571
-0.0112112733437694
-0.00385280551445811
0.00438023043506141
0.0101387073846070
0.0121188512421009
0.0110599943249458
0.00854976471986910
0.00606525979462619
0.00441480059301973
0.00366861872522940
0.00351980278515990
0.00363757382312325
0.00381060430529119
0.00394520933061862
0.00401063648175909