0
0
0
0
0
0
0
0
0
0
0
0
0
0
0
0
0
0
0
0
0
0
0
0
0
0
0
0
0
0
0
0.000360000000000001
0.000800000000000000
0.00140000000000000
0.00232000000000000
0.00340000000000000
0.00586000000000000
0.00878333333333334
0.0126333333333333
0.0164833333333333
0.0203333333333333
0.0241833333333333
0.0280333333333333
0.0318833333333333
0.0357333333333333
0.0395833333333334
0.0434333333333334
0.0465000000000000
0.0480000000000000
0.0489800000000000
0.0497000000000000
0.0498500000000000
0.0499600000000000
0.0499900000000000
0.0500000000000000
0.0500000000000000
0.0500000000000000
0.0500000000000000
0.0500000000000000
0.0500000000000000
0.0500000000000000
0.0500000000000000
0.0500000000000000
0.0500000000000000
0.0498000000000000
0.0495000000000000
0.0486000000000000
0.0475000000000000
0.0460000000000000
0.0441370370370370
0.0420925925925926
0.0400481481481481
0.0380037037037037
0.0359592592592593
0.0339148148148148
0.0318703703703704
0.0298259259259259
0.0277814814814815
0.0257370370370370
0.0236925925925926
0.0216481481481481
0.0196037037037037
0.0175592592592593
0.0155148148148148
0.0134703703703704
0.0114259259259259
0.00938148148148147
0.00733703703703703
0.00529259259259257
0.00324814814814815
0.00120370370370368
-0.000840740740740750
-0.00288518518518521
-0.00492962962962964
-0.00697407407407408
-0.00901851851851854
-0.0110629629629630
-0.0131074074074074
-0.0151518518518519
-0.0171962962962963
-0.0192407407407407
-0.0212851851851852
-0.0233296296296296
-0.0253740740740741
-0.0274185185185185
-0.0294629629629630
-0.0315074074074074
-0.0335518518518519
-0.0355962962962963
-0.0376407407407407
-0.0396851851851852
-0.0417296296296296
-0.0437740740740741
-0.0458185185185185
-0.0475000000000000
-0.0490000000000000
-0.0495400000000000
-0.0499200000000000
-0.0499800000000000
-0.0500000000000000
-0.0500000000000000
-0.0500000000000000
-0.0500000000000000
-0.0500000000000000
-0.0500000000000000
-0.0500000000000000
-0.0500000000000000
-0.0500000000000000
-0.0500000000000000
-0.0500000000000000
-0.0500000000000000
-0.0497000000000000
-0.0493000000000000
-0.0487000000000000
-0.0471666666666667
-0.0442567567567568
-0.0408918918918919
-0.0375270270270270
-0.0341621621621622
-0.0307972972972973
-0.0274324324324324
-0.0240675675675676
-0.0207027027027028
-0.0173378378378379
-0.0139729729729730
-0.0106081081081081
-0.00724324324324330
-0.00440000000000001
-0.00259999999999999
-0.00140000000000001
-0.000500000000000000
-0.000199999999999996
0
0
0
0
0
0
0
0
0
0
0
0
0
0
-0.000300000000000004
-0.000896000000000002
-0.00208400000000004
-0.00428800000000008
-0.00700000000000012
-0.0108000000000000
-0.0146000000000000
-0.0184000000000001
-0.0222000000000000
-0.0260000000000000
-0.0298000000000000
-0.0336000000000000
-0.0374000000000000
-0.0412000000000000
-0.0450000000000000
-0.0467100000000000
-0.0481800000000000
-0.0491700000000000
-0.0497000000000000
-0.0500000000000000
-0.0500000000000000
-0.0500000000000000
-0.0500000000000000
-0.0500000000000000
-0.0500000000000000
-0.0500000000000000
-0.0500000000000000
-0.0500000000000000
-0.0500000000000000
-0.0500000000000000
-0.0500000000000000
-0.0500000000000000
-0.0500000000000000
-0.0498000000000000
-0.0495000000000000
-0.0486000000000000
-0.0474666666666666
-0.0458666666666666
-0.0439358974358974
-0.0418397435897435
-0.0397435897435897
-0.0376474358974359
-0.0355512820512820
-0.0334551282051281
-0.0313589743589743
-0.0292628205128205
-0.0271666666666666
-0.0250705128205128
-0.0229743589743590
-0.0208782051282051
-0.0187820512820512
-0.0166858974358974
-0.0145897435897436
-0.0124935897435897
-0.0103974358974358
-0.00830128205128204
-0.00620512820512818
-0.00410897435897432
-0.00201282051282052
8.33333333333415e-05
0.00217948717948720
0.00427564102564106
0.00637179487179487
0.00846794871794872
0.0105641025641026
0.0126602564102564
0.0147564102564103
0.0168525641025641
0.0189487179487180
0.0210448717948718
0.0231410256410256
0.0252371794871795
0.0273333333333334
0.0294294871794872
0.0315256410256410
0.0336217948717949
0.0357179487179487
0.0378141025641026
0.0399102564102564
0.0420064102564103
0.0441025641025641
0.0460000000000000
0.0475000000000000
0.0486000000000000
0.0495000000000000
0.0498000000000000
0.0500000000000000
0.0500000000000000
0.0500000000000000
0.0500000000000000
0.0500000000000000
0.0500000000000000
0.0500000000000000
0.0500000000000000
0.0500000000000000
0.0500000000000000
0.0500000000000000
0.0500000000000000
0.0500000000000000
0.0500000000000000
0.0497000000000000
0.0492000000000000
0.0483000000000000
0.0468000000000000
0.0450000000000000
0.0409499999999999
0.0369000000000000
0.0328500000000000
0.0287999999999999
0.0247500000000000
0.0207000000000001
0.0166500000000000
0.0126000000000000
0.00854999999999990
0.00450000000000000
0.00270000000000000
0.00129999999999997
0.000699999999999993
0.000300000000000007
0
0
0
0
0
0
0
0
0
0
0
0
0
0
0
0
0
0
0
0
0
0
0
0
0
0
0
0
0