0.899197
0.899342
0.899005
0.897549
0.896156
0.895809
0.896202
0.896533
0.896554
0.896551
0.896728
0.896965
0.897091
0.897103
0.897099
0.897128
0.897166
0.897188
0.897204
0.897230
0.897267
0.897302
0.897329
0.897352
0.892985
0.883749
0.871731
0.855588
0.834128
0.793545
0.731165
0.648379
0.555363
0.464984
0.387062
0.332958
0.327520
0.388819
0.497080
0.620155
0.724428
0.791924
0.824249
0.832866
0.831934
0.830348
0.830319
0.830589
0.829391
0.828101
0.827820
0.828646
0.830091
0.831340
0.832194
0.832826
0.833188
0.833177
0.832840
0.832309
0.831686
0.831033
0.830436
0.829689
0.829098
0.831306
0.836019
0.840357
0.841656
0.840065
0.858653
0.904775
0.972283
1.045609
1.104877
1.134925
1.130345
1.094803
1.039860
0.989743
0.976469
1.006547
1.045749
1.103996
1.177654
1.231099
1.256657
1.268671
1.270614
1.262909
1.257858
1.276176
1.323032
1.351062
1.346902
1.334093
1.324347
1.327945
1.339947
1.332570
1.290928
1.223108
1.145822
1.075636
1.026236
1.001021
0.995684
1.001756
1.011969
1.022822
1.032121
1.039211
1.044168
1.047352
1.049140
1.049833
1.049550
1.048660
1.047674
1.046832
1.046236
1.045965
1.046019
1.046292
1.046685
1.047060
1.047298
1.047766
1.046395
1.042527
1.038123
1.035794
1.036533
1.023946
0.968737
0.860565
0.711418
0.568187
0.483624
0.470879
0.528424
0.652760
0.808625
0.927264
0.922145
0.827876
0.778318
0.809818
0.872297
0.924378
0.956116
0.974908
0.977195
0.962637
0.937977
0.930836
0.942128
0.954185
0.956342
0.956705
0.966168
0.990469
1.035017
1.097320
1.178662
1.271549
1.362325
1.437207
1.492447
1.508888
1.450837
1.339454
1.218044
1.115425
1.048666
1.016805
1.008323
1.010362
1.012864
1.013254
1.013125
1.013498
1.014346
1.014275
1.013176
1.011596
1.010529
1.010405
1.011274
1.012826
1.014820
1.016991
1.019156
1.021144
1.022862
1.024328
1.025662
1.026843
1.025467
1.021993
1.019049
1.018861
1.021594
1.025453
1.027937
1.023481
0.993498
0.931298
0.843640
0.751748
0.680862
0.646650
0.652777
0.694978
0.762831
0.834902
0.874842
0.850929
0.768527
0.670505
0.603566
0.572650
0.563950
0.570234
0.586259
0.595884
0.565514
0.506834
0.477423
0.483332
0.495482
0.505241
0.538377
0.597107
0.669814
0.740152
0.795708
0.832171
0.847707
0.848272
0.841277
0.832360
0.823955
0.816305
0.810055
0.805274
0.801983
0.800190
0.799625
0.800071
0.801215
0.802401
0.803051
0.802952
0.802213
0.801026
0.799570
0.798027
0.796532
0.795229
0.794246
0.792169
0.792187
0.796951
0.804705
0.810800
0.811598
0.807645
0.822618
0.887742
1.006422
1.140930
1.243180
1.300560
1.296296
1.227184
1.103085
0.967697
0.898769
0.928035
1.012490
1.080947
1.089182
1.064248
1.031357
0.998384
0.967379
0.947280
0.955305
0.988427
1.008686
1.003733
0.988753
0.979404
0.978672
0.981321
0.982948
0.983306
0.983862
0.985158
