0.900814
0.900673
0.901011
0.902465
0.903856
0.904201
0.903807
0.903477
0.903455
0.903459
0.903282
0.903045
0.902920
0.902908
0.902912
0.902883
0.902845
0.902822
0.902807
0.902780
0.902743
0.902709
0.902682
0.902658
0.907014
0.916203
0.928138
0.944138
0.965366
1.005493
1.067275
1.149634
1.242637
1.333290
1.411478
1.465881
1.471698
1.411407
1.304003
1.180346
1.074242
1.005178
0.972300
0.963853
0.965122
0.966937
0.967067
0.966864
0.968186
0.969633
0.970080
0.969425
0.968169
0.967145
0.966552
0.966203
0.966140
0.966465
0.967128
0.967988
0.968942
0.969925
0.970848
0.971900
0.972784
0.970838
0.966352
0.962277
0.961335
0.963319
0.944088
0.896030
0.825318
0.748189
0.685985
0.655228
0.661758
0.701545
0.762347
0.818463
0.835777
0.807060
0.766621
0.703216
0.622964
0.565217
0.537833
0.525224
0.523062
0.530715
0.535971
0.517053
0.468540
0.439862
0.444290
0.457470
0.467525
0.464042
0.452011
0.459680
0.501793
0.569564
0.645909
0.714675
0.762934
0.787728
0.793318
0.787874
0.778339
0.768077
0.759218
0.752428
0.747667
0.744618
0.742935
0.742338
0.742715
0.743706
0.744810
0.745789
0.746541
0.746984
0.747116
0.747038
0.746846
0.746676
0.746647
0.746370
0.747926
0.751963
0.756542
0.759101
0.758643
0.770755
0.823258
0.925179
1.063709
1.195037
1.272839
1.286604
1.237868
1.129250
0.991620
0.886555
0.892007
0.981784
1.028417
0.997048
0.935998
0.885657
0.855665
0.838297
0.836484
0.850662
0.874702
0.881633
0.870280
0.858099
0.855870
0.855499
0.845876
0.821014
0.775156
0.710800
0.627292
0.532926
0.441512
0.366434
0.311474
0.296239
0.356787
0.470813
0.593079
0.694725
0.760253
0.791655
0.800258
0.798508
0.796203
0.795886
0.796050
0.795730
0.794968
0.795134
0.796339
0.798045
0.799275
0.799603
0.798972
0.797675
0.795943
0.794032
0.792122
0.790381
0.788902
0.787673
0.786562
0.785601
0.787198
0.790879
0.794050
0.794519
0.792085
0.788496
0.786245
0.790805
0.820082
0.880052
0.963559
1.050280
1.117017
1.149790
1.145511
1.108162
1.047232
0.982047
0.945698
0.967618
1.043537
1.134221
1.196682
1.226075
1.234741
1.228309
1.211276
1.200747
1.230112
1.287945
1.317096
1.311050
1.298867
1.289188
1.256167
1.197382
1.124188
1.052957
0.996499
0.959489
0.943936
0.943727
0.951256
0.960700
0.969551
0.977577
0.984128
0.989150
0.992637
0.994600
0.995329
0.995051
0.994083
0.993084
0.992635
0.992948
0.993906
0.995313
0.996987
0.998742
1.000444
1.001949
1.003131
1.005384
1.005558
1.000985
0.993376
0.987450
0.986909
0.991153
0.975768
0.908002
0.782209
0.636929
0.525701
0.464082
0.471720
0.551566
0.691823
0.844269
0.923556
0.894668
0.803108
0.725850
0.714483
0.739420
0.773399
0.808220
0.841643
0.863691
0.855487
0.820400
0.799050
0.804242
0.819823
0.829484
0.830212
0.827458
0.825762
0.825374
0.824784
0.823436
