25.0000000000000
24.9951387875774
25.0091934189327
25.0247263582217
25.0402766044285
25.0558340346451
25.0713882795870
25.0869328254482
25.1024661779827
25.1179899508730
25.1335066148782
25.1490181418552
25.1645255042343
25.1800288197851
25.1955277538568
25.2110218901481
25.2265109432487
25.2419948105794
25.2574735326644
25.2729472142144
25.2884159590656
25.3038798369173
25.3193388797940
25.3347930948746
25.3502424802182
25.3656870355786
25.3811266790979
25.3965613993935
25.4119912266908
25.4274161830980
25.4428364661083
25.4582519200813
25.4736629373789
25.4890684033784
25.5044629455500
25.5198264912293
25.5350982261694
25.5501272485844
25.5646292320773
25.5782835324453
25.5910673374777
25.6031220594376
25.6145909788801
25.6254512872703
25.6357165810662
25.6454833267441
25.6548328708953
25.6637643439502
25.6722386011357
25.6802570654311
25.6878142235677
25.6949191213142
25.7015983987398
25.7078849721604
25.7138192974530
25.7194368145806
25.7247768766161
25.7298754259627
25.7347655076753
25.7394704573966
25.7440064356444
25.7483867505307
25.7526238186525
25.7567235202741
25.7607523711569
25.7647234732974
25.7684686027190
25.7719274179195
25.7752084608562
25.7784920323629
25.7818864666576
25.7853703218618
25.7888352442250
25.7922382563919
25.7956225176142
25.7991092520282
25.8028582016883
25.8070338004142
25.8118167163188
25.8174127711388
25.8239795461596
25.8316251191712
25.8403378587717
25.8500860947265
25.8608109108109
25.8723349961290
25.8844954947235
25.8971226551696
25.9101026742354
25.9234444479295
25.9372855920598
25.9516907421757
25.9665431965976
25.9816663035288
25.9969944878004
26.0124146135853
26.0277472596788
26.0428998960410
26.0576742938980
26.0719911211121
26.0857279490807
26.0987556061270
26.1110363163323
26.1224886186873
26.1330844737201
26.1428393897824
26.1518267919139
26.1601799129870
26.1680703856662
26.1755777154780
26.1827819232436
26.1897083879535
26.1963580097137
26.2027191376868
26.2087853253640
26.2145560291571
26.2200371554312
26.2252465458881
26.2302038038045
26.2349386074483
26.2394738298893
26.2438282477199
26.2480206358157
26.2520702045086
26.2559914407944
26.2597970732261
26.2634956308029
26.2670946188107
26.2706951384146
26.2741829724373
26.2774188517653
26.2804201300448
26.2833477896378
26.2863640630319
26.2895190597044
26.2927393111197
26.2959431463550
26.2991749820876
26.3026081800358
26.3065120433187
26.3111061275603
26.3165629117677
26.3231321097876
26.3310374796891
26.3403261047356
26.3509978265660
26.3629249772234
26.3759842705625
26.3900007203965
26.4045537924800
26.4191923892004
26.4337315673344
26.4481680356936
26.4626054043532
26.4771718947421
26.4918780561939
26.5067153697960
26.5216475870258
26.5366377164437
26.5516579118804
26.5666920383981
26.5817330134095
26.5967771222333
26.6118221419291
26.6268663317673
26.6419072837290
26.6569459112904
26.6719859980402
26.6870196289370
26.7020140082188
26.7168514749504
26.7312435831021
26.7448139984693
26.7574571336522
26.7694296935497
26.7809945139348
26.7921549681409
26.8027379948037
26.8128094846311
26.8224091054707
26.8315341704443
26.8401740310959
26.8483059225165
26.8559398571405
26.8630818394066
26.8697579007819
26.8760036696884
26.8818719875620
26.8874065653437
26.8926523117439
26.8976517177950
26.9024398964755
26.9070421445559
26.9114764545475
26.9157519978173
26.9198751625506
26.9238497358142
26.9277128543673
26.9315327553035
26.9351381987746
26.9384410695396
26.9415328120086
26.9446026667425
26.9477828513175
26.9510718004463
26.9543623780164
26.9575252260108
26.9604987034276
26.9633456416401
26.9662429444825
26.9693624483142
26.9728229445938
26.9766935952736
26.9810534036782
26.9860585344683
26.9919298903396
26.9988434246937
27.0068837230744
27.0160378654806
27.0262140119451
27.0372689703823
27.0490647829138
27.0614626159599
27.0743405589177
27.0876543652412
27.1014943244146
27.1158648760835
27.1306115241780
27.1455693635624
27.1606915979950
27.1758244222991
27.1907845036741
27.2054147526744
27.2195096037014
27.2329446848961
27.2455948400321
27.2574126515308
27.2683147014415
27.2782977187182
27.2874642476833
27.2959761759742
27.3040011488447
27.3116205821320
27.3188631093215
27.3257819573175
27.3324017323361
27.3387302421769
27.3447584423706
27.3504694246588
27.3558559169949
27.3609258170191
27.3657050667817
27.3702294105532
27.3745361810099
27.3786566916352
27.3826115552137
27.3864161834927
27.3900858802268
27.3936312922923
27.3970622564883
27.4003854809988
27.4036004907788
27.4068054292746
27.4098801352325
27.4126549882316
27.4151494188335
27.4175497812531
27.4200586877983
27.4227422960136
27.4255117802620
27.4282406394826
27.4309709084527
27.4339701781340
27.4375667170159
27.4419304350495
27.4471446771344
27.4533545353112
27.4607417758266
27.4694131179518
27.4793812886105
27.4905297407062
27.5028081180920
27.5161212712603
27.5302034900856
27.5446680909064
27.5591322854675
27.5733824641952
27.5874166601951
27.6014709207442
27.6156564487804
27.6299923067048
27.6444650303878
27.6590337771523
27.6736604533966
27.6883153132978
27.7029812313194
27.7176508242573
27.7323217571051
27.7469937921371
27.7616672493977
27.7763422243042