76.9230769230769
76.8930039527006
77.1261994682049
77.1844979488374
77.2329033480151
77.2757070459231
77.3182825921106
77.3632663488867
77.4104276083878
77.4583971184044
77.5061750255153
77.5535406184610
77.6006940166616
77.6478493107830
77.6950931913754
77.7424226057764
77.7898057300169
77.8372117718112
77.8846221637227
77.9320340726099
77.9794533281158
78.0268833488328
78.0743209232836
78.1217604916655
78.1691992256296
78.2166372919350
78.2632069588159
78.3088348103041
78.3538940709366
78.3979980751902
78.4406655435520
78.4787022346316
78.5108969490338
78.5365204881647
78.5552982551696
78.5650176129135
78.5634001335649
78.5478379637981
78.5208355685502
78.5050297660015
78.5021801126562
78.5149509078788
78.5378516175456
78.5593781306795
78.5752906743521
78.5890567777584
78.6076947963052
78.6356922818691
78.6718606417337
78.7130300208017
78.7557999718834
78.7973064686550
78.8371779458834
78.8767010167513
78.9117340577638
78.9421512096459
78.9689407805577
78.9932510567468
79.0152017830406
79.0353193488458
79.0540790855622
79.0717949779537
79.0887504462268
79.1148798536756
79.1630145403099
79.1891118487070
79.1877469259738
79.1761700068415
79.1748618905925
79.1908394366985
79.2178577941940
79.2446191336190
79.2811016330917
79.3318842160818
79.3970039246017
79.4699935177889
79.5369755554645
79.5813413592752
79.5921291865922
79.5670303134389
79.5214708402742
79.4867399775992
79.5065215807298
79.5732208557798
79.6541148078705
79.7587405975500
79.8697220056516
79.9642028035326
80.0348828344174
80.0860806359299
80.1226765914942
80.1487861465519
80.1976548079107
80.2856892701936
80.3818580759936
80.4713987185508
80.5724077450404
80.6603237594508
80.7383097187577
80.8128736636846
80.8966935453356
80.9766083380851
81.0375086179431
81.0824271431352
81.1169201101653
81.1519757791195
81.1861448310417
81.2194250285201
81.2525053121477
81.2840551091775
81.3125564874326
81.3381082962552
81.3609811552296
81.3812161525146
81.3989911325769
81.4148236865345
81.4303560094028
81.4447325236021
81.4582718123884
81.4713126685288
81.4840395731953
81.4965606598335
81.5089609144902
81.5211414034033
81.5330133151107
81.5445013004209
81.5555812638272
81.5637249819692
81.5680813474824
81.5715994605819
81.5775938425752
81.5878739951749
81.6015295903717
81.6154125656898
81.6268645204340
81.6302250037679
81.6172034118154
81.5862368602406
81.5432575643055
81.5048230178151
81.4854036553175
81.4871703728389
81.5089504226459
81.5441437787870
81.5723820363026
81.5789426468587
81.5342046221299
81.4707853398785
81.4266268741413
81.4145200455300
81.4381993194846
81.4790824393196
81.5285028474554
81.5836265581066
81.6436238439559
81.6966094916821
81.7420361088475
81.7870492917686
81.8340441344897
81.8808698541662
81.9260060513823
81.9711456245350
82.0185732870998
82.0698581529765
82.1267046239119
82.1889508258492
82.2566825781416
82.3288398935005
82.4056563066987
82.4943401447393
82.5965622269120
82.7006466282362
82.8171996368069
82.9293953966006
83.0169379698899
83.0892025237487
83.1506785521402
83.2036449663120
83.2489176691200
83.2859646792065
83.3144676438462
83.3373637329523
83.3571765336842
83.3752315504640
83.3924778284169
83.4094647830005
83.4258112346377
83.4415027324502
83.4573019546759
83.4738649186907
83.4899888060814
83.5054646063722
83.5203779039782
83.5347278229073
83.5484566428660
83.5615880019426
83.5732748111493
83.5814163769688
83.5860716214218
83.5913732255680
83.6002388742072
83.6134511229560
83.6288006985977
83.6427648693041
83.6534459564541
83.6612558569123
83.6676765152448
83.6728223260280
83.6710110715467
83.6590723523528
83.6376400981666
83.6128756372798
83.5935808936222
83.5864246305347
83.5938655631005
83.6130137138255
83.6370784638070
83.6533855648432
83.6500481872119
83.6286130913630
83.5896563608921
83.5491818781701
83.5228749930098
83.5143431927381
83.5195973499666
83.5319083238743
83.5491246822499
83.5648860459412
83.5652364578548
83.5506467278344
83.5427537192988
83.5381233309432
83.5336597186963
83.5282429739212
83.5348557275344
83.5597909075910
83.5948150621539
83.6340289185103
83.6714745029547
83.7129829919466
83.7466986102939
83.7728096551228
83.7960495554525
83.8206095684047
83.8489338873121
83.8799732882190
83.9124639316423
83.9455399977872
83.9797752138807
84.0115957427862
84.0404640371432
84.0664559786743
84.0901313012360
84.1111191872413
84.1298066848955
84.1466802784566
84.1621816549651
84.1767627675344
84.1910422367565
84.2050355791314
84.2187256641673
84.2538702370378
84.2949133857029
84.3079875585802
84.2975506814906
84.2862338947733
84.2906530351452
84.3111267594966
84.3361957498292
84.3543115308283
84.3802672428734
84.4450605696698
84.5549040219115
84.6747206627119
84.7695326131130
84.8248329175891
84.8286391811823
84.7781726755195
84.7109022712812
84.6635164678433
84.6858538515139
84.7843531082435
84.9101901141982
85.0332756315702
85.1220505391256
85.1716546758919
85.1897863438504
85.1882889559278
85.1793929465825
85.1863307190957
85.2234521775610
85.2741383479261
85.3241339916650
85.3675812275228
85.4071828300792
85.4469781361343
85.4884537871308
85.5310678310790
85.5741314238990
85.6176057675070
85.6616673721602