76.9230769230769
76.8930039527006
77.1252121818467
77.1819958126297
77.2294042087176
77.2721020346370
77.3149616435293
77.3601170791188
77.4073381804269
77.4554711231626
77.5035497118482
77.5511868826656
77.5984759940407
77.6456741137855
77.6929526488517
77.7403347616129
77.7877689685890
77.8352155531703
77.8826682018052
77.9301331563047
77.9776103873765
78.0250939020720
78.0725787999481
78.1200633251087
78.1675468068309
78.2150284321817
78.2633999874692
78.3127196501906
78.3625963997041
78.4134055135091
78.4655718927093
78.5223269274047
78.5848113759433
78.6542655421929
78.7315750264032
78.8194047948647
78.9178752173718
79.0220578369475
79.1264803013007
79.2507940240872
79.3579954966343
79.4413754773649
79.5088753486441
79.5698149749586
79.6234594789856
79.6691297572372
79.7046448384119
79.7314094641186
79.7523363334700
79.7700892753314
79.7870110746707
79.8039308009000
79.8205561972170
79.8364676469914
79.8519530591882
79.8683280341115
79.8843098696253
79.8996719484806
79.9146322805918
79.9291997121763
79.9433390074739
79.9570528588829
79.9703385456759
79.9819764027899
79.9892012639184
79.9938480987134
79.9999120619640
80.0099540095189
80.0238979668710
80.0391159611725
80.0524524238058
80.0624436358420
80.0625836611035
80.0524912795535
80.0357926517448
80.0183852637293
80.0065480754224
80.0046536225226
80.0141213290097
80.0332780819870
80.0566961707545
80.0735725599150
80.0706811593979
80.0510003065664
80.0240438837512
79.9904837044472
79.9575581130641
79.9387400707978
79.9378903838628
79.9503711469760
79.9692179891002
79.9887557245400
80.0065751863952
80.0104115498324
79.9992926945302
79.9891159503516
79.9851219099288
79.9833588961396
79.9830850729043
79.9805319353115
79.9792339872852
79.9874037471724
80.0077773785660
80.0405030708152
80.0810472552141
80.1286375860651
80.1736117211270
80.2079708484787
80.2324954869962
80.2519086816598
80.2710984796254
80.2924521050559
80.3164356830282
80.3437301232128
80.3735122919017
80.4030250632656
80.4312220848330
80.4575611225907
80.4823684329891
80.5052583127907
80.5262918517239
80.5457089505578
80.5637179425399
80.5806156539934
80.5969398496753
80.6126099546112
80.6276676827833
80.6634077906288
80.7006886201646
80.7127536694211
80.7048089540027
80.6962226773869
80.7012037918176
80.7203608942069
80.7450645236632
80.7785748496010
80.8403735039812
80.9396278586883
81.0679587847713
81.1878790636044
81.2643012720378
81.2847819211128
81.2456896578166
81.1614144523119
81.0947784315098
81.0871003162186
81.1851395357118
81.3267144815220
81.4547717160889
81.5419743178505
81.5892156203942
81.6116762387229
81.6234808632723
81.6327793957700
81.6550659381644
81.6988399428470
81.7494431154888
81.7969390499711
81.8392545310050
81.8800660969056
81.9222723337648
81.9647213383538
82.0054935334274
82.0435982805083
82.0779638074606
82.1091490251541
82.1358265112493
82.1566461654221
82.1738704380257
82.1817728110224
82.1723919220899
82.1447800931446
82.1207212878599
82.1133200294910
82.1205884279017
82.1370165652041
82.1534345467508
82.1689501998525
82.1861957292672
82.2096579072540
82.2430208033166
82.2838601745376
82.3281091772271
82.3722604647388
82.4145485490221
82.4532253818349
82.4906104780975
82.5248502895762
82.5541376333823
82.5793424621894
82.6016042057910
82.6220533039495
82.6409905054747
82.6588475113930
82.6759442511721
82.6924489517740
82.7118685230523
82.7596509427827
82.7909561024284
82.7938637825199
82.7814040550453
82.7749709953463
82.7851502060661
82.8084320794077
82.8341163885282
82.8525141246105
82.8614282237143
82.8702344460169
82.9035103657747
82.9716989986494
83.0665197104476
83.1632053487569
83.2351519956098
83.2703283782967
83.2687481654427
83.2376394411335
83.1937212554278
83.1652298983657
83.1800033149519
83.2438900194377
83.3504704129273
83.4703375055566
83.5715901989383
83.6477802887284
83.7020606429606
83.7391450058030
83.7646785884473
83.8223367325599
83.9118558598438
84.0062303987779
84.0964781854830
84.1955401645988
84.2799405440908
84.3566271790303
84.4342522263829
84.5033482884069
84.5535882240957
84.5924462638833
84.6257463885374
84.6612076688079
84.6943534163380
84.7245611751861
84.7523225815879
84.7773091485449
84.7999917811431
84.8215160137317
84.8414599681819
84.8595260553527
84.8756100092553
84.8903990971530
84.9050958499769
84.9188396478372
84.9320228368845
84.9450110256087
84.9578584062828
84.9704933135719
84.9829126430540
84.9949257350363
85.0064457802863
85.0173989994621
85.0277701252475
85.0352353243687
85.0385663433869
85.0407118942216
85.0448039618013
85.0527789501856
85.0641157210533
85.0762716965505
85.0866168947915
85.0944446600903
85.0934370964895
85.0747889052421
85.0386491217695
84.9982003083415
84.9672254270376
84.9492057560182
84.9509845863410
84.9724546380200
85.0040923040015
85.0288301223708
85.0253188121608
84.9802823342356
84.9255813703625
84.8842147562437
84.8725813370163
84.8954930601797
84.9421091209406
85.0021280371603
85.0692181373462
85.1387241129055
85.1950795721921
85.2373683722645
85.2768563585308
85.3196970685928
85.3648973462173
85.4099166705612
85.4541644218888
85.4985507651959
85.5437370627552
85.5895223181108
85.6353305547094