76.9230769230769
76.8938041258106
77.2002737259904
77.2515599906373
77.2957994781795
77.3383224485327
77.3825613216173
77.4290875344927
77.4767949607128
77.5245335371299
77.5718704419076
77.6189418540554
77.6660119529567
77.7132086318835
77.7605166310447
77.8078775472009
77.8552557250934
77.9026414998573
77.9500369631222
77.9974454371605
78.0448680684820
78.0923025976217
78.1397443698866
78.1871892935731
78.2346358009956
78.2820840336346
78.3292321324711
78.3759012644780
78.4221127008575
78.4675166191527
78.5115928222319
78.5515838096855
78.5849454254700
78.6087847591876
78.6237986190118
78.6327227759219
78.6370055561535
78.6343093973121
78.6282712463028
78.6288092394046
78.6337097542071
78.6425843825453
78.6538002660648
78.6894173063861
78.7369306644010
78.7832019373366
78.8313336598187
78.8833235126573
78.9494672123074
79.0160379834224
79.0800703460249
79.1407761307361
79.1977395350310
79.2501837956927
79.2978975354313
79.3405584205724
79.3789819451421
79.4159453761535
79.4508297813885
79.4829157180976
79.5131373870139
79.5419507530592
79.5692508665579
79.5943912215781
79.6136540480430
79.6212806736007
79.6234779615181
79.6349805761545
79.6610472289305
79.6943084143139
79.7219642497793
79.7369390228853
79.7575991409364
79.7983402519160
79.8602779265043
79.9319349728703
79.9955156362681
80.0352027256127
80.0430696402323
80.0199109061663
79.9754135569039
79.9207288475950
79.8660732607681
79.8300892555196
79.8458378038553
79.9146639156010
80.0027528669171
80.0749240273508
80.1244603470594
80.1632332239851
80.1835552204344
80.1984601787894
80.2272091659784
80.2955286038886
80.3921315065122
80.4845596893745
80.5633458753468
80.6345838427861
80.7206356303150
80.8002402178383
80.8750241792048
80.9406215828395
80.9947254786603
81.0513217775071
81.0998533793815
81.1438118825449
81.1855784872194
81.2256806154589
81.2639916161591
81.2987409462430
81.3313862023883
81.3607340172873
81.3865889202810
81.4092582518509
81.4292998450085
81.4475359015450
81.4644469764345
81.4804622401556
81.4960367527036
81.5112301670427
81.5260973493525
81.5407104422154
81.5550630215637
81.5690281299097
81.5825756130107
81.5956420394463
81.6082241052194
81.6181688384820
81.6250481952501
81.6325815231316
81.6432454636513
81.6568011142643
81.6713411100363
81.6845810180136
81.6953165189455
81.7012514758160
81.6987891106047
81.6884811171492
81.6742512831685
81.6603996206190
81.6489214127351
81.6420752786276
81.6425422487430
81.6529128815812
81.6692215727483
81.6689087267587
81.6302991262387
81.5626041871323
81.5070173560518
81.4830742941687
81.4822667248336
81.5007890489609
81.5488195195251
81.6082675901019
81.6680920692483
81.7229818939608
81.7717744936128
81.8185217506991
81.8654719006187
81.9121693327516
81.9580822310617
82.0042872310633
82.0522241497632
82.1028494497874
82.1579463445447
82.2191952145064
82.2897914562688
82.3683938038965
82.4509868526812
82.5347779705944
82.6237946956020
82.7173443848035
82.8079862333897
82.9001660869997
82.9917209178786
83.0742001936424
83.1458814991712
83.2178894524106
83.2759379156555
83.3215396340451
83.3558612685588
83.3823923127063
83.4036188296384
83.4246243096211
83.4449867707221
83.4650530692007
83.4848341496914
83.5042738143879
83.5235868649706
83.5425084663880
83.5608471824377
83.5783641556144
83.5952415338741
83.6113960901762
83.6267972827892
83.6415285578563
83.6548647756563
83.6651415066094
83.6730491624530
83.6830275009820
83.6963072810142
83.7116390107959
83.7268320726890
83.7398278781345
83.7500577186412
83.7585645460989
83.7668714763297
83.7748000284202
83.7778774949334
83.7744244915178
83.7655132956983
83.7540427423106
83.7435676029545
83.7368867369415
83.7357822001663
83.7405792127963
83.7487552331324
83.7556150630764
83.7521136569370
83.7297017256201
83.6904777768668
83.6458308995422
83.6140708612193
83.6001001050131
83.6008553080003
83.6115561610233
83.6261692894368
83.6411663056379
83.6467419064256
83.6411269921498
83.6373223568740
83.6382219603629
83.6373682894809
83.6538750932070
83.6760177494377
83.7063630623615
83.7439548491534
83.7936468396782
83.8684566580041
83.9383677765280
83.9995032527956
84.0524311077540
84.1017260049435
84.1593192774405
84.2147571026390
84.2680220653357
84.3192060526639
84.3683146660943
84.4159778634472
84.4623290584981
84.5064093758456
84.5473503030061
84.5862812768498
84.6226594060845
84.6552980862420
84.6852013462615
84.7134437056624
84.7399253462597
84.7647576972016
84.7882241539956
84.8105616224586
84.8301052072930
84.8413068637202
84.8399251678220
84.8392971224226
84.8539497257878
84.8829121532053
84.9134574580907
84.9319718049292
84.9359025541722
84.9497135652319
85.0045532175085
85.1006500155295
85.2095691102162
85.2994552361549
85.3535543263344
85.3512743639810
85.2793455168694
85.1418134794149
84.9846038491092
84.8938004480758
84.9067594321078
84.9852806355063
85.0651218826502
85.1321853219537
85.1636290134197
85.1654195892237
85.1726258064993
85.1809806475972
85.1970103344919
85.2284318307475
85.2722826563527
85.3183562658294
85.3613091822897
85.4015994939240
85.4414920675795
85.4822824319755
85.5242429622829
85.5672444895671
85.6110685291016
85.6555241596248