4592.27963075735
4591.86906875241
4568.64151394327
4517.18450786412
4459.59024096618
4412.67933509104
4384.75020054455
4376.22065180084
4382.29070649306
4396.15007817434
4411.54085089853
4424.20355630496
4432.22379361809
4435.60984667706
4435.51437912900
4433.46345976157
4430.80896199971
4428.46248331728
4426.86110615627
4426.07125005851
4425.94046270783
4426.23478534266
4426.73204936041
4427.26748792391
4427.74295637695
4428.11561992205
4428.37967360698
4428.54949581175
4428.64762749623
4428.69763589390
4428.72047436583
4428.73284807933
4428.74660320389
4428.76870840450
4428.80171788473
4428.84467113208
4428.89430490310
4428.94635766282
4428.99746383075
4429.04419230665
4429.08306586290
4429.11399914406
4429.18884623210
4429.42841096693
4429.94915841455
4430.83483670206
4432.40905394221
4435.06733398640
4438.68123477707
4442.46303980153
4444.72085744272
4442.35948027356
4430.84122701010
4404.53191576013
4356.88420956154
4282.39618468642
4181.51118226351
4062.99766906925
3939.47055899301
3821.20356169779
3712.12055893517
3610.61580329630
3511.98629333527
3411.99841003709
3309.19309127021
3206.24331477830
3110.27696753514
3029.76116659781
2971.85034703471
2940.25799051803
2931.06508029470
2933.33862433714
2934.21334872715
2923.02343072588
2894.17411298284
2848.58954555103
2792.35440875865
2733.55955236768
2679.60306384797
2635.30849069522
2602.08421737871
2578.46394929210
2561.49725903376
2548.45036700384
2537.51267003218
2527.55610340129
2518.11601920277
2509.05954901160
2500.39893183430
2492.20844248689
2484.36975077687
2476.65610998557
2468.88490140921
2461.04655350384
2453.25251660823
2445.70120944159
2395.98315375050
2312.65852700817
2265.69069338828
2264.29503457722
2299.95544635228
2353.58726531025
2403.83371954867
2434.80869305068
2440.50021206297
2424.73200373347
2397.62607332016
2370.63678726693
2352.23462428358
2345.59446500947
2348.78384619089
2356.92170016009
2364.98511580958
2369.80976081309
2370.97941770028
2370.78416290928
2373.37454653632
2383.51908967359
2406.26626707945
2445.53119812170
2502.86606524930
2575.89360529316
2655.62219487598
2713.37519253033
2749.19004909400
2773.22649466060
2792.80289546115
2812.64721302415
2836.28155417365
2866.25248474089
2904.68155276234
2953.76260141107
3014.84472997400
3087.18170775614
3168.66975096346
3256.75176017244
3348.24983106837
3441.28596677717
3535.47660822336
3631.32248515488
3729.89454471614
3831.52394278137
3935.79988359764
4042.65606664476
4152.22034178623
4264.97062396540
4381.41864915683
4500.17363368967
4620.25583099187
4741.16459251226
4862.09242812291
4981.91800794037
5099.70242566140
5215.42672131429
5328.88528592873
5439.90019579860
5548.73076002577
5653.92155998000
5754.67222610840
5849.95621044749
5937.32131904852
6014.85451545264
6081.18306024573
6135.09333978039
6176.11124643795
6205.01314287644
6223.39953705026
6233.98120094297
6240.51861048635
6246.26241211077
6253.04029433766
6261.54472907705
6272.08385455362
6284.61950338270
6298.93078756650
6314.57098726440
6330.80684337601
6347.12595395897
6363.02845242751
6377.99052976156
6391.53497532667
6403.37635329258
6413.56784327324
6422.40104146894
6430.26452106680
6437.49888135071
6444.38237248008
6451.03140790650
6457.43501073621
6463.58381931777
6469.46406386003
6475.10929803444
6480.85632854523
6485.09242712001
6488.33576554209
6494.58287914961
6508.22215291161
6530.44926994814
6557.97669500749
6584.63190962889
6603.83594224124
6611.07157449978
6605.45533358044
6590.06667249894
6570.59163182861
6553.31040484004
6542.76912781737
6540.32937146247
6544.30032474193
6550.80701203875
6554.90433225537
6551.73099019906
6536.78083111095
6505.37403786552
6453.27762514487
6376.73616603121
6275.59443976731
6156.70997895101
6032.17688525147
5915.27054844199
5816.23579985263
5738.55570817128
5679.29961848865
5631.14938336565
5586.22459674709
5539.98843150836
5491.97597708340
5443.85682073720
5394.82189147074
5341.40768046313
5279.75325153154
5206.88639017523
5122.08569526767
5028.10728558053
4930.42046345502
4835.84348165363
4750.61136145341
4678.61933697820
4621.02374721777
4576.81555991127
4543.65903863694
4518.67809647733
4499.03750370458
4482.31533329091
4466.77506748877
4451.44710871011
4435.81220832094
4419.65253863028
4403.47617045604
4388.51349151676
4376.86351973348
4371.93920694715
4378.56142065600
4402.56439750236
4450.82740142826
4529.84102548714
4640.05143091617
4771.82182709944
4910.32837147214
5043.40414351067
5164.42315104127
5272.98977647444
5372.98678093867
5467.03917304961
5554.82620281193
5633.17619446891
5698.64522882649
5750.54837696260
5791.54128944809
5826.41035592872
5860.30384164611
5897.43813355306
5940.16185368170
5988.63736398139
6040.17681697018
6091.53080766016
6140.32760481852
6184.98108815252
6224.81387472963
6260.05132104485
6291.20523130041
6318.71006245465
6342.87817383584
6363.72880519319
6380.97660783460
6394.60973526409
6404.96135082588
6412.63098306924
6418.36580310622
6422.91603619238
6427.00380875912
6431.28065868320
6436.17212087414
6441.81381553889
6448.06357636754
6454.76620556939
6460.81809563212
6464.68132450244
6469.37405905115
6479.73233266822
6498.68459363635
6524.89276219456
6552.86375863756
6575.40620565012
6586.90352505230
6585.47144616607
6573.19580070822
6555.01435408611
6537.09589983127
6525.03024612703
6522.14715717246
6528.55944734548
6541.19016750923
6555.11052419775
6565.70303844616
6570.16373131036
6567.67146208723
6558.66819030267
6543.89374334270
6523.14219542339
6494.63096003606
6456.14930712359
6406.01133875171
6344.60282114377
6274.55151644832
6201.15687919093
6130.63440843205
6068.69165970938
6018.59688409912
5979.54709253216
5947.44414970888
5916.08679531715
5878.31917235266
5827.97917087487
5761.64974537514
5678.90656155639
5581.67277300729
5473.53580880145
5358.84864352433
5241.10711360260
5122.46162896121
5004.15374152506
4886.73785944456
4770.07614236632
4654.00184760629
4537.74221661159
4419.56776827340
4297.93040939260
4172.27850391057
4043.61536080958
3914.21299715198
3786.69998709854
3662.60263879055
3541.82870425352
3424.19968671113
3309.97419890382
3201.41855930414
3101.92757949538
3015.44397761563
2946.41669036309
2898.43673352769
2871.60026958443
2861.34788753600
2859.81749592918
2857.65454178787
2846.76821318163
2822.77792034701
2785.88373599309
2740.56377504705
2693.27336912441
2649.63663993904
2612.85588433377
2583.85550932565
2561.67071923471
2544.69182930257
2531.40889300319
2520.42257585104
2510.74141789788
2501.85004813738
2493.51645243971
2485.73624847851
2478.43067423861
2471.40173149390
2464.41292183732
2457.30883284423
2450.10148135295
2442.94221527247
2436.12362838207
2429.86765638328
2424.27934101299
2419.27998072368
2381.73954013671
2295.45991983070
2244.61058533462
2239.20517962555
2271.86744910474
2324.38252296981
2375.69544125956
2409.14853030960
2417.32962615876
2403.11247346578
2376.56910953719
2349.65182367789
2331.43975635152
2325.47107981992
2329.67009341730
2338.53297036262
2346.78282450464
2351.65450178829
2353.05819356438
2353.28747130803
2356.50748160855
2367.80508908013
2393.53605780737
2441.14771482698
2517.86505584693
2628.04317023699
2746.73300834330
2846.26407054359
2929.36424617435
2997.80463516604
3054.45293352049
3103.47141696478
3148.75646804937
3193.07053700329
3236.75631379383
3278.59051497946
3319.48543192224
3363.39965787596
3415.15580964353
3478.10412281632
3552.93590678255
3638.21379946064
3729.11732008690
3820.24953359490
3908.15734027916
3990.68835718235
4067.12297989719
4137.39367342450
4201.32450028470
4258.47454776871
4308.26092137365
4350.30817694673
4384.50409706272
4411.00900607519
4430.27730919572
4443.07252996837
4450.41411932432
4453.49074636343
4453.54214271404
4451.73981971952