4592.27963075735
4591.86906875241
4568.64150089639
4517.18445551954
4459.59014866820
4412.67921361015
4384.75006294763
4376.22050757661
4382.29057357912
4396.15008178033
4411.54089153495
4424.20356596602
4432.22374217248
4435.60973570569
4435.51422719792
4433.46328861536
4430.80878803867
4428.46231474242
4426.86094407952
4426.07109138421
4425.94030304835
4426.23462102638
4426.73187831158
4427.26730965111
4427.74277147923
4428.11542948684
4428.37947873610
4428.54929736345
4428.64742602163
4428.69743169611
4428.72026760444
4428.73263886487
4428.74639165674
4428.76849467568
4428.80150215003
4428.84445357401
4428.89408569275
4428.94613694773
4428.99692869076
4429.04398720794
4429.08348118938
4429.11500724323
4429.08839601454
4428.88563995693
4428.39324993732
4427.53007711069
4425.97572168317
4423.33633969383
4419.73845107921
4415.96299473311
4413.69191555997
4416.03642269515
4427.64373803983
4454.22753755801
4502.27558013460
4577.36747295280
4678.39305949151
4794.94207028257
4912.05519574614
5018.80747084393
5114.10759243075
5203.56154726981
5293.88918236698
5388.76397628118
5486.21481304304
5582.18936062431
5672.68432328172
5754.80080343174
5826.94812070707
5888.90847247926
5942.55855493937
5990.57193129761
6034.88146297617
6077.19119751625
6118.73724163430
6159.52721701617
6198.99709646519
6236.02372704988
6269.20633255917
6297.90591159761
6322.47644868415
6343.53227793024
6361.86306182660
6377.88704759445
6391.60192817642
6403.08639612908
6412.47141869153
6419.96487341285
6425.91761699062
6430.74793724882
6435.03892059961
6439.38736904147
6444.23430569396
6449.74906187456
6455.88495965379
6462.43814055403
6469.22532573621
6474.68917618595
6478.25939993380
6483.43916823187
6494.87583484495
6514.88671853843
6541.44295538549
6568.68532854784
6589.58664950977
6599.11424733590
6596.06646404996
6583.02909260760
6565.14861272276
6548.45727995465
6537.96239767027
6535.99941436768
6541.61357702602
6551.34844007524
6560.74824062055
6565.72508472313
6563.36891450511
6552.08661065023
6530.83499939954
6498.42689646767
6454.72936564962
6400.22200933400
6337.29918319396
6269.50083055689
6201.52343842038
6138.18571638564
6083.31199300438
6038.57777466467
6002.49901665876
5971.19694337836
5939.18839954083
5900.35562506562
5849.60496666100
5784.15210605121
5703.92881443130
5610.93316831834
5508.58875648747
5400.87872732611
5291.13719611222
5181.24005728766
5071.88918046484
4963.32783917730
4855.39102169007
4747.75599730312
4640.38711638872
4532.62580289073
4423.00849039739
4310.48462949333
4194.86960706334
4077.24693149659
3959.70603671356
3844.36737923570
3732.91624626625
3625.93605962803
3522.85303493896
3422.48959135203
3323.50742747272
3226.07454919334
3131.56085168300
3042.69572031746
2964.11457627070
2900.42750442715
2854.49627804063
2826.71487998049
2814.61843060721
2812.05448749027
2810.52597087271
2802.21777889191
2782.47293613818
2751.25735853658
2712.15183373969
2670.37379851910
2630.58972840092
2596.03803501170
2567.90417999926
2546.03419998402
2529.52624076920
2516.88518524263
2506.73914100843
2498.02761277282
2490.17686159855
2482.93026528826
2476.07999836288
2469.43576320331
2462.84712221872
2456.26764466328
2449.70049266222
2443.26758434017
2437.12796999904
2431.40703617440
2426.12991723445
2421.21923740923
2357.66835890078
2280.88793742578
2244.33923443490
2251.57822737227
2291.50289951934
2344.64295772140
2391.05376016847
2416.80894015744
2417.72041379477
2399.09315459279
2371.88136631021
2347.32956497192
2332.89102014804
2330.42867718573
2337.31267508408
2348.85299159677
2360.39412728312
2369.21359258474
2375.80299895463
2383.94310253173
2400.80165414999
2435.88344610957
2499.10301873099
2598.08683318029
2719.31330858983
2822.71095644460
2907.31037001657
2975.25228262125
3030.13276855647
3077.77950667092
3123.98180667288
3173.29566440694
3227.76222047139
3285.68601087524
3343.30697232850
3398.63163806705
3453.93801697502
3513.30129319349
3579.76490580754
3654.89533450283
3737.25169399247
3823.35244167951
3909.68346560395
3992.77641851779
4070.52150438783
4142.22355562702
4207.61995633353
4266.21161003495
4317.34645434851
4360.61601062326
4395.93963198771
4423.55479205401
4443.98393559503
4458.04399194655
4467.09980672340
4472.71267988181
4476.01463736557
4477.49966929227
4476.57746696930
4470.94029081429
4456.52703512392
4427.82481066285
4377.73098497996
4299.46519990684
4192.13219133287
4063.57744572460
3926.24278118446
3791.21646530586
3664.86395015637
3547.84149112627
3438.28044730351
3334.86759975480
3238.78514628391
3154.74033931675
3089.44357275168
3047.88032139328
3029.74491677629
3026.63465004947
3025.07431092590
3012.48446048847
2981.52474683038
2931.70234717805
2868.35183946134
2800.06983844486
2735.59319388352
2680.88075841914
2638.66926195225
2608.58716766555
2588.07049175952
2573.60199619559
2562.00269530844
2551.25581806950
2540.72263704954
2530.37173585473
2520.34908753945
2510.78880583716
2501.66542309244
2492.90491247273
2484.35241215969
2475.80269705733
2467.14867337117
2458.45762660618
2449.97267363544
2413.42013990332
2320.22069860953
2264.13656405473
2255.70861064926
2288.40678160482
2343.54159615791
2398.53112077376
2435.31843207822
2445.73648999630
2432.27656825257
2404.85750480428
2375.66786308152
2354.39392991645
2345.35429352340
2347.16880113746
2354.55904100132
2361.22252043989
2362.91883243727
2359.12576427543
2352.45391359981
2347.00660444418
2346.84961446685
2354.96978485464
2372.84913779282
2401.63851327716
2442.45719852866
2496.59652410315
2563.61428740564
2640.02622406762
2702.52683805293
2744.04782770746
2773.58204350904
2797.45257567187
2819.75199193971
2844.07758618778
2873.59411154570
2911.18936660163
2959.99560544053
3021.86580653294
3096.22630720070
3181.13152818922
3273.50957759302
3369.83820787700
3468.28444147995
3568.16538437290
3670.09296889082
3775.28111499621
3883.75727251554
3995.47951971333
4110.90332904954
4230.57455091603
4355.12302446491
4483.15195116285
4613.46760039792
4745.55044223363
4878.49820513994
5010.74814885610
5142.23839784870
5272.82322570826
5400.89085012692
5525.54061044463
5644.79091220511
5757.02592143639
5860.62551915318
5953.01710022337
6032.04352876180
6096.75616906219
6147.11175831952
6183.87642281991
6208.97379046529
6224.63244187087
6233.62449304034
6239.30334409276
6244.08939544863
6248.95097082661
6254.47690669378
6261.50600838623
6270.70195804516
6282.43931034888
6296.52557920040
6312.13000685392
6328.36970391929
6344.40008426846
6359.44741105458
6372.98858833730
6384.76740298576
6394.91099139445
6403.82559474805
6412.01128709845
6419.88359390396
6427.65838122280
6435.36793347661
6442.82787131351
6449.87407303633
6456.41299438336
6462.45784433985
6468.27850889495
6473.20826418580
6476.38126422057
6481.07454925793
6492.15310101843
6512.20646645745
6539.21260944339
6567.50636232919
6590.13032252997
6601.53561348447
6599.54252894465
6586.20570344228
6566.77855494980
6547.86965180825
6535.30716506006
6532.17899852447
6537.61856854401
6547.63015208694
6557.30505439954
6562.39500107601
6559.85172813036
6547.74027634939
6524.12717811237
6485.50241793916
6427.69905418871
6346.74050695166
6242.47657074605
6120.50323756638
5992.68153149321
5872.95236024766
5772.04127174079
5693.97526024267
5636.69410243422
5594.36286503728
5561.26472826788
5533.73988858407
5508.42329517205
5479.79287477331
5440.98395686421
5386.16192182045
5312.64298856353
5221.33355732048
5117.02531176323
5007.49530207250
4901.21422584981
4805.54658306320
4725.19237620506
4661.48057166027
4612.99515510739
4576.77428325555
4549.35368645316
4527.51536040180
4508.70834709947
4491.22311518670
4474.18236744505
4457.39264612949
4441.13438497273
4425.93069688000
4412.34786922781
4400.84246244054