3116.12073602051
3120.96203413883
3138.80709661341
3183.03867805860
3226.95143864898
3252.79195471360
3257.78644322205
3248.50205271838
3233.87136775717
3220.95730666723
3213.47581170118
3211.94350783322
3214.71230299276
3219.31147650347
3223.57529109007
3226.24904294346
3227.05454388596
3226.40252480301
3224.99389507784
3223.48879930791
3222.32176820984
3221.66047712460
3221.46222056516
3221.57127874160
3221.81081894968
3222.04334091154
3222.19404174997
3222.24543387235
3222.21710629594
3222.14327864297
3222.05601917190
3221.97676664690
3221.91501254384
3221.87125619035
3221.84130540766
3221.81991658693
3221.80292194819
3221.78789455828
3221.77380892803
3221.76081384858
3221.74900102348
3221.73817044535
3221.69350395979
3221.52391982407
3221.14380900303
3220.49970988167
3219.38028527494
3217.47129441407
3214.87443403305
3212.21429149205
3210.77027636743
3212.88972731153
3222.06340158768
3242.45165684505
3278.57951807948
3333.81594915212
3406.32274074192
3487.25144793683
3566.21261005448
3637.89936540331
3704.32491125145
3770.50974450517
3839.83278320872
3913.27431781425
3989.77504404033
4066.87524298518
4142.00223901703
4212.85060870647
4277.00259289201
4332.05742265895
4377.91496738517
4416.48356601252
4450.19231197236
4481.85125506583
4513.76682055020
4546.50945367501
4579.28613644550
4610.77292963437
4639.54752365951
4664.48403445354
4685.51982464245
4703.11933181460
4718.09471210261
4731.09700744178
4742.39677778211
4752.31980511143
4761.14583958618
4769.06620928047
4776.30687082529
4782.98627614202
4789.31648972259
4795.58043204948
4801.99472585302
4808.61706877414
4815.40518800036
4822.24105404088
4827.84949302405
4827.06481210688
4816.56799351182
4797.95462196453
4779.74675130022
4771.07465249062
4776.83576343465
4795.71978009913
4821.25598713279
4845.05749246996
4860.51640726129
4865.06617566573
4860.29947354926
4850.54343315148
4840.78902298632
4834.89781395466
4834.50249675131
4838.82991981599
4845.33872102994
4850.75510693739
4852.12140035966
4847.49616523115
4835.69336314620
4816.32134463097
4790.45908912817
4759.92464309154
4727.95326145766
4696.90209323913
4668.25788967537
4641.67858526482
4616.33635270213
4591.77192841953
4566.75023083663
4539.58071113675
4508.25954785260
4470.55647488201
4424.19194513143
4368.18384909533
4303.50569685559
4231.77310219473
4154.92986031927
4075.26473308879
3994.44061369913
3912.62081071064
3829.50862119512
3745.07229757536
3659.23728945617
3571.98546494563
3483.71054539307
3394.30759453066
3302.83427664061
3208.77734444368
3112.31349441383
3014.38105817801
2916.61889960838
2820.55930679460
2727.25430084813
2636.85550890027
2548.52267449188
2461.14958308187
2373.85863985213
2286.79484233504
2201.63980191298
2120.88345741217
2048.75298513840
1989.68305952912
1946.04619080420
1917.98239898388
1903.35593330652
1896.96349460945
1891.81503951754
1881.88229154678
1863.99604409913
1838.41818929283
1808.08780867826
1776.82356160145
1747.46117143693
1721.55366299780
1699.45044440451
1680.86483245044
1665.27158219470
1651.81867319730
1639.83391916641
1628.97045789462
1619.12796382220
1610.25904461693
1602.17088890941
1594.58427172640
1587.24645511055
1580.02491778428
1572.83190517136
1565.74494898668
1558.92172573354
1552.45456115950
1546.39167507566
1540.68686329095
1536.49044429491
1537.43339617002
1546.16800036520
1559.35801264775
1569.85624657517
1572.24903707674
1565.46045344037
1552.27453628991
1537.82862962155
1527.46833693887
1524.39272994866
1528.27530644571
1535.90890233650
1543.05930887279
1546.62745584749
1545.78267711475
1541.81914172932
1537.52700207070
1536.47915714860
1542.23991026477
1558.38783521905
1588.50940558180
1635.14587072198
1698.38205961220
1773.35290849888
1850.50571513260
1920.58549050791
1979.82602095009
2029.00159471815
2071.28111551075
2110.52471161538
2150.09069590898
2192.34019044449
2237.14235572365
2282.57259984981
2327.16835949090
2371.88094882882
2419.92024306119
2473.23733790042
2532.93738483676
2598.85576983689
2668.60396979798
2739.10606359433
2807.68774867117
2872.42679233489
2932.22375258919
2986.30733890517
3033.97618429885
3074.80413234874
3108.72004272729
3136.01481081341
3157.32474317609
3173.51217023732
3185.54528936426
3194.57076429194
3201.81254080602
3208.00017866366
3213.20486975351
3216.64189484836
3216.25767326168
3208.63838290277
3189.31584489482
3152.73593233751
3093.41244732362
3010.34968081283
2910.57219776047
2805.67211636508
2705.44782185870
2613.98170989320
2530.23300534963
2450.70667680736
2373.02735404539
2298.15540283898
2230.60750350436
2176.60497318993
2140.79548932048
2123.10483896792
2116.19201402225
2108.76784266151
2091.29739625626
2059.02396394485
2012.72254885723
1957.93560980768
1902.05622690904
1851.29402354353
1809.20827693495
1776.65519915801
1752.23437339855
1733.37751765989
1717.53701618858
1702.88718439163
1688.76446868540
1675.45264485917
1663.34710435508
1652.58577406480
1643.01285441848
1634.26938223578
1625.96239320866
1617.70996422356
1609.20003035926
1600.32717122413
1591.24146840917
1582.26051111853
1574.00489147932
1570.50250709922
1575.27479184974
1587.60978784979
1600.51463057067
1606.59311469117
1602.32175736641
1589.29195478428
1572.78715122120
1558.94746917168
1552.00787525742
1552.80655647908
1558.91635497580
1566.04339981154
1569.95257172550
1568.09468133584
1560.43543194385
1549.37534472690
1538.60518076786
1531.46304003645
1529.86397437483
1534.18418242427
1543.79486320457
1557.80035729484
1576.25494060941
1600.37986678880
1631.29605921229
1668.72318401643
1710.04407388085
1751.75236372027
1790.10051821229
1823.13704343141
1850.45758341908
1872.96178516723
1893.18352535791
1914.62050612535
1941.23366683062
1976.53521604859
2022.88602444900
2080.51879856759
2147.19571280985
2220.16111609472
2297.33119809827
2376.64351442478
2457.77692303833
2541.77126664102
2628.43281029266
2717.54508855168
2809.46774654087
2903.74785725107
3000.22079056273
3099.57340868991
3201.91252001775
3306.65890805804
3412.79108069177
3519.34522073379
3625.72905957485
3731.21641886248
3835.47053326634
3938.10376772477
4038.21095611565
4134.72042888733
4226.08072750382
4310.49922378646
4385.78843612897
4449.49970407372
4500.22699918720
4538.23210195057
4564.38764053444
4580.32087093671
4589.60050660489
4596.29765286309
4603.50952925481
4612.64554751980
4623.24471583624
4634.44184306135
4645.96599366330
4657.79969172530
4670.09534730625
4682.89751963078
4695.95940312066
4709.11511626837
4722.16510283595
4734.79461897126
4746.75868785502
4757.80462298730
4767.86553442475
4777.10720929323
4785.78450051991
4794.09579321001
4802.11472891161
4809.83328550972
4817.12765123231
4823.93212535640
4830.24277779116
4836.12176410869
4841.03516459589
4839.80158269861
4829.28800207651
4810.21514485844
4790.91333745112
4780.66225465929
4784.58862564374
4802.02592571667
4827.14609702335
4851.50340513261
4867.73225062754
4872.57070428521
4867.29776848807
4856.40526372462
4845.43311049733
4838.75249659314
4838.04086151846
4842.25062763367
4848.63620736274
4853.85493863727
4854.82970304726
4849.33056055763
4835.40847448821
4810.71621048268
4773.30091248664
4722.71548144834
4661.01972861907
4592.48210954499
4523.70248438572
4460.70159241466
4407.49595742921
4364.03621018751
4327.44869826127
4294.14259285142
4261.34684267084
4228.65856438249
4194.87242595094
4157.09134108691
4111.30989683847
4054.31689285023
3985.64779769096
3907.19872362508
3823.06308226492
3738.80894599359
3659.80082041474
3590.06885376967
3531.63092426054
3484.27088313911
3446.21270983192
3415.15865652484
3388.97003190636
3366.03231014157
3345.32630742958
3326.35150539412
3308.97275422934
3293.24304744678
3279.25780946094
3267.06914869085
3256.64582177113
3247.88229965267