0
1.25430601094713e-20
-2.58363022052314e-09
-5.22493950239077e-09
-7.59061368881469e-09
-9.63368747922174e-09
-1.13483163282501e-08
-1.27657545204342e-08
-2.77147850683859e-09
-4.29555075403484e-09
-5.65801010605146e-09
-6.91316495542200e-09
-8.02808818118481e-09
-8.98539195643030e-09
-9.78828888443864e-09
-1.04534686490159e-08
-1.10032567022887e-08
-1.14596867708347e-08
-1.18412242558906e-08
-1.21619013374166e-08
-1.24319990185744e-08
-1.26593042741982e-08
-1.28502481019895e-08
-1.30106197109808e-08
-1.31458419899556e-08
-1.32609538265593e-08
-1.33604662687647e-08
-1.34482266837428e-08
-1.35273596593675e-08
-1.36002986630954e-08
-1.36688806503567e-08
-1.37344705637946e-08
-1.37980805068264e-08
-1.38604663445332e-08
-1.39221960127693e-08
-1.39836928554246e-08
-1.40452626403641e-08
-1.41071129463107e-08
-2.37440929131569e-08
1.16421568966361e-08
4.23332638705656e-08
6.85258158044757e-08
-7.85256296396624e-06
-2.55281239938899e-05
-5.29645451584601e-05
-9.41991498903244e-05
-0.000194604621518502
-0.000338684936232604
-0.000486349195811452
-0.000544216118739802
-0.000274710030954028
0.000793952210033143
0.00329518557536019
0.00804622026193541
0.0160177373629669
0.0278523931943390
0.0430402971330479
0.0606742926216331
0.0797092247155698
0.0994487105132629
0.119491165374111
0.139562358758604
0.159572404716704
0.179321756323818
0.198312267706550
0.216024251262548
0.231552347865857
0.243924218267665
0.252547675542281
0.257373009740735
0.258922256019214
0.258265175787597
0.256596075344546
0.254755804426829
0.253250249817918
0.252321368882460
0.252038706385030
0.252316973524101
0.252967676661767
0.253868848091164
0.254874968205358
0.255928349026446
0.256997585351823
0.258005008036247
0.258906540883135
0.259666097977296
0.260246195135769
0.260642749151333
0.260911220410266
0.261091140179901
0.261216331690277
0.261319247595287
0.261434613635528
0.261589419179642
0.261789902095206
0.262012361378688
0.262155503145664
0.261774978447738
0.261047721482207
0.260503387549811
0.260569024934246
0.261388882329987
0.262768793191606
0.264277373837137
0.265443565508854
0.265927220785799
0.265623745406618
0.264669033999205
0.263367760944393
0.262071497462971
0.261003061905272
0.260194872992144
0.259540975648879
0.258843278314268
0.257845439922041
0.256266232605952
0.253832215390519
0.250282871080612
0.245125941135114
0.238229574045875
0.229301035813572
0.218638803568382
0.206381772609654
0.193018374814872
0.178971639691651
0.164682175194106
0.150683114677903
0.137456210445475
0.125148283505079
0.113629434078297
0.102737843089173
0.0922908954108664
0.0818871256371828
0.0713402669792459
0.0606744903863568
0.0498431990032593
0.0389482876873295
0.0280705968535086
0.0173292287324074
0.00676236774679051
-0.00370433946007557
-0.0140171931222739
-0.0241486933647323
-0.0341269290855354
-0.0440745868792581
-0.0542419618441565
-0.0647433171087852
-0.0756417838953111
-0.0868677402529590
-0.0983402741028424
-0.110096402536583
-0.122090385267162
-0.134220103020010
-0.146508583892876
-0.158947161615064
-0.171507981781140
-0.184308109349392
-0.197130642434745
-0.209743691283867
-0.221566821491813
-0.232054148629664
-0.240709082635364
-0.247031835235580
-0.250859825299324
-0.252647876662412
-0.252917334362584
-0.252256604440642
-0.251212091139834
-0.250264627305587
-0.249687421564043
-0.249475150307101
-0.249605012889863
-0.250031474255115
-0.250653169103295
-0.251427337248667
-0.252256970890095
-0.253106198822455
-0.253930121161925
-0.254665853986089
-0.255295048455982
-0.255834815805353
-0.256274139592038
-0.256614045517722
-0.256866637727627
-0.257059483717929
-0.257226495385639
-0.257378062909402
-0.257502404182751
-0.257607398919644
-0.257688763404116
-0.257750062732316
-0.257797305728882
-0.257693010238193
-0.257051037285339
-0.256203942424543
-0.255695265851579
-0.255877864597862
-0.256742994259466
-0.258090244226387
-0.259534133996215
-0.260606949288124
-0.260961794353854
-0.260554958499817
-0.259570530786429
-0.258317691198658
-0.257026511571434
-0.255780191016638
-0.254559994619752
-0.253240120044601
-0.251564735402206
-0.249169266767573
-0.245632125632571
-0.240209565507364
-0.232193277545265
-0.220754227948271
-0.205457085318191
-0.186656310938795
-0.165233028822653
-0.142171400316834
-0.118642247526656
-0.0956866472141686
-0.0739547746009100
-0.0538070370379747
-0.0356970518822060
-0.0201120715487325
-0.00774385787397381
0.000822294012607179
0.00581112940854431
0.00776969348856891
0.00756635837446612
0.00611906623874572
0.00425235750759337
0.00251931307481297
0.00126599792838318
0.000553201150017151
0.000232328352517589
0.000124496072910349
8.38530251161284e-05
3.25559431184675e-05
-6.03207062912075e-05
-0.000201291640870128
-0.000379007842077702
-0.000567167058704450
-0.000741088095852695
-0.000881315267311475
-0.000968908656736536
-0.000951904982033127
-0.000842286392569673
-0.000685910882903820
-0.000592485792328485
-0.000824204028978087
-0.00188069153484557
-0.00442381621573297
-0.00930841314150672
-0.0176141167830016
-0.0301212486252174
-0.0463393873316370
-0.0652938278767455
-0.0860005151431565
-0.107747593057804
-0.129920292958375
-0.152082703119830
-0.173730659444980
-0.194059496900303
-0.212227936267027
-0.227335411397402
-0.238386479428367
-0.244940930200756
-0.247629864173306
-0.247413016933904
-0.245481682996756
-0.243104391320841
-0.241084841650095
-0.239774860624850
-0.239191184073754
-0.239267311704476
-0.239839516882259
-0.240707928076991
-0.241766202476024
-0.242913393240392
-0.244057613338057
-0.245163653135757
-0.246200872463995
-0.247124853564524
-0.247888412096923
-0.248469555819431
-0.248865767952451
-0.249083851032789
-0.249176001148190
-0.249222132949706
-0.249265490281985
-0.249340351036564
-0.249466307444672
-0.249659908151059
-0.249922558234903
-0.250188010002146
-0.249991285808369
-0.249356955580667
-0.248822628248411
-0.248857344593271
-0.249665828339479
-0.251095041717742
-0.252720827240336
-0.254047579919621
-0.254694964201149
-0.254512430277351
-0.253605117055396
-0.252269936501854
-0.250883599423523
-0.249782892109561
-0.249171593808031
-0.249019083034975
-0.249086142109934
-0.249070953090861
-0.248716255839449
-0.247827632651879
-0.246249588974731
-0.243840057216785
-0.240451927533900
-0.235652977876218
-0.229199474724374
-0.220704298146213
-0.210290505830001
-0.197964786848369
-0.184257367602229
-0.169619993573660
-0.154605765011987
-0.139824381794442
-0.125808044466994
-0.112768706170768
-0.100595076989516
-0.0891272853634356
-0.0781519395708103
-0.0672816447703259
-0.0563262133614211
-0.0452915057623680
-0.0340904029065103
-0.0228346169430880
-0.0116099661828994
-0.000500664328717147
0.0104595457825172
0.0212946047259621
0.0319362601931593
0.0423711563144904
0.0527215333917478
0.0632550023317711
0.0741280538957636
0.0854442942967979
0.0971331921580881
0.109164394021866
0.121582522632290
0.134280782470556
0.147294799293622
0.160632223372327
0.174105324399223
0.187611992496208
0.200687199659199
0.212841584637767
0.223377120684771
0.231729010776809
0.237487158061495
0.240594760134889
0.241576527489896
0.241240978176929
0.240228383633027
0.239067090234986
0.238120829000356
0.237612257413723
0.237576564804072
0.237870238907618
0.238428162488700
0.239174355605748
0.240025499103112
0.240943395834339
0.241849579399553
0.242728920447964
0.243544834383028
0.244247444073619
0.244801821956395
0.245233599769922
0.245563209813413
0.245802071655183
0.245973921973230
0.246105823704074
0.246232943076477
0.246382680846803
0.246538941752716
0.246691502434352
0.246832822867012
0.246953751861771
0.247055347971907
0.247091057568547
0.246642267262080
0.245811475467243
0.245156058988344
0.245134976116478
0.245831180391430
0.247104591592980
0.248603516162977
0.249867334479881
0.250447444975090
0.250218440916150
0.249316033694072
0.248047941458403
0.246792159865160
0.245833395896624
0.245189713426803
0.244671229517716
0.244042363676881
0.243049065623083
0.241398177827603
0.238766484005273
0.234815808101727
0.228799528191839
0.220033315939398
0.207740144491371
0.191647651314792
0.171936545644072
0.149515963289450
0.125538695563485
0.101237999586187
0.0777572943568702
0.0558320480802206
0.0360958319861118
0.0193143257906132
0.00621390307911637
-0.00261206830742471
-0.00746884696817186
-0.00909591670822401
-0.00841529730225731
-0.00651451260173811
-0.00428490531121682
-0.00236502532370384
-0.00101766656571001
-0.000312860230160092
-0.000104363881991086
-0.000147089469234029
-0.000253861236475999
-0.000305686944940840
-0.000261264598637716
-0.000134541575017883
5.07752418878063e-05
0.000266870295994220
0.000487668881065835
0.000691755443767656
0.000864576380650080
0.000996812429487125
0.00108441652733923
0.00113004533201839
0.00113955319192030
0.00112151028251144