0.900000
0.900000
0.900000
0.900000
0.900000
0.900000
0.900000
0.900000
0.900000
0.900000
0.900000
0.900000
0.900000
0.900000
0.900000
0.900000
0.900000
0.900000
0.900000
0.900000
0.900000
0.900000
0.900000
0.900000
0.900000
0.900000
0.900000
0.900000
0.900000
0.900000
0.900000
0.900000
0.900000
0.900000
0.900000
0.900000
0.900000
0.900000
0.900000
0.900000
0.898523
0.894428
0.887382
0.877639
0.858045
0.831732
0.803149
0.774233
0.744759
0.713384
0.678622
0.639420
0.596350
0.552572
0.511397
0.474724
0.443514
0.424407
0.425140
0.443691
0.474885
0.513215
0.554920
0.597599
0.639520
0.678849
0.714316
0.744937
0.770573
0.791704
0.809124
0.823494
0.835421
0.845383
0.853833
0.861146
0.867426
0.872696
0.876990
0.880231
0.882462
0.883856
0.884586
0.884801
0.884560
0.883893
0.882823
0.881382
0.879608
0.877589
0.875433
0.873240
0.871079
0.868996
0.867014
0.865128
0.861835
0.855094
0.846960
0.841099
0.840272
0.844326
0.850790
0.856896
0.860749
0.861444
0.858840
0.856324
0.861658
0.878217
0.904817
0.937836
0.973475
1.008567
1.040573
1.067700
1.089023
1.104472
1.114810
1.121393
1.125681
1.128889
1.131721
1.134688
1.138012
1.141726
1.145629
1.149401
1.152736
1.155414
1.157386
1.158830
1.159733
1.160196
1.160310
1.160264
1.160276
1.160964
1.162782
1.165063
1.168352
1.172301
1.177193
1.183289
1.190429
1.199038
1.207318
1.214303
1.219832
1.224597
1.228945
1.232038
1.225568
1.208381
1.183122
1.153039
1.120769
1.087926
1.056467
1.027826
1.003005
0.982472
0.966011
0.953020
0.942820
0.934842
0.928655
0.923688
0.919645
0.916378
0.913777
0.911805
0.910556
0.909986
0.909953
0.910306
0.910977
0.911928
0.913158
0.914662
0.916469
0.918567
0.920907
0.923426
0.926061
0.928752
0.931438
0.934074
0.936653
0.939172
0.941615
0.943969
0.948644
0.956841
0.965719
0.971213
0.970841
0.965485
0.958109
0.951609
0.947839
0.947603
0.947970
0.936563
0.908731
0.867575
0.818813
0.767491
0.717835
0.673293
0.636211
0.607581
0.587011
0.572669
0.561956
0.558902
0.564492
0.577026
0.594405
0.614824
0.636091
0.656846
0.676553
0.695079
0.712636
0.730017
0.747683
0.765804
0.784338
0.802544
0.820461
0.837191
0.852325
0.865692
0.877079
0.886462
0.893944
0.899664
0.903818
0.906637
0.909783
0.914603
0.921659
0.930932
0.950017
0.976139
1.005080
1.034790
1.065276
1.097581
1.132968
1.172237
1.215114
1.259219
1.301763
1.338822
1.356348
1.352963
1.333854
1.303966
1.268124
1.229418
1.189826
1.150892
1.114183
1.080945
1.051731
1.026524
1.005162
0.987101
0.971692
0.958446
0.947090
0.937190
0.928542
0.921036
0.914687
0.909452
0.905291
0.902211
0.900068
0.898710
0.898021
0.897908
0.898333
0.899252
0.900607
0.902319
0.904315
0.906496
0.908755
0.911005
0.913190
0.915296
0.917335
0.920160
0.926306
0.934196
0.940592
0.942646
0.940002
0.934715
0.929437
0.926088
0.925625
0.928253
0.933562
0.940499
0.947463
0.945703
0.930331
0.902901
0.868033
0.830161
0.792592
0.757668
0.727124
0.702097
0.683035
0.669523
0.660384
0.654163
0.649493
0.645539
0.641592
0.637354
0.632773
0.627981
0.623292
0.619055
0.615464
0.612579
0.610261
0.608568
0.607226
0.606198
0.605274
0.604161
0.602280
0.599593
0.595804
0.591117
0.585521
0.578784
0.571016
0.561871
0.553054
0.545399
0.538969
0.537283
0.545246
0.562399
0.586775
0.615261
0.645530
0.675937
0.705440
0.732662
0.756496
0.776569
0.793101
0.806637
0.817792
0.827127
0.835040
0.841781
0.847656
0.852736
0.857011
0.860481
0.863146
0.864954
0.866022
0.866531
0.866627
0.866374
0.865801
0.864901
0.863676
0.862136
0.860290
0.858202
0.855957
0.853639
0.851313
0.849023
0.846801
0.844640
0.842521
0.840437
0.838395
0.835164
0.827952
0.818799
0.811804
0.810340
0.814498
0.821654
0.828763
0.833685
0.835301
0.833316
0.828164
0.824789
0.836206
0.864884
0.904903
0.950175
0.996602
1.041042
1.080948
1.114527
1.140950
1.160512
1.174825
1.181153
1.178592
1.168761
1.154263
1.136599
1.117999
1.099924
1.083121
1.067809
1.054028
1.041144
1.028335
1.015120
1.001276
0.986921
0.972589
0.958315
0.945022
0.932740
0.921459
0.911278
0.902247
0.894398
0.887757
0.882333
0.878095
0.874959
0.872775
0.871358
0.870535
0.870166
0.870142
0.870375
0.870791
0.871325
0.871922
