0.900000
0.900000
0.900000
0.900000
0.900000
0.900000
0.900000
0.900000
0.900000
0.900000
0.900000
0.900000
0.900000
0.900000
0.900000
0.900000
0.900000
0.900000
0.900000
0.900000
0.900000
0.900000
0.900000
0.900000
0.900000
0.900000
0.900000
0.900000
0.900000
0.900000
0.900000
0.900000
0.900000
0.900000
0.900000
0.900000
0.900000
0.900000
0.900000
0.900000
0.901475
0.905562
0.912575
0.922256
0.941684
0.967740
0.996010
1.024589
1.053711
1.084709
1.119051
1.157778
1.200340
1.243630
1.284397
1.320786
1.351836
1.370894
1.370120
1.351339
1.319622
1.280492
1.237792
1.194024
1.151005
1.110631
1.074207
1.042754
1.016439
0.994786
0.976988
0.962364
0.950288
0.940268
0.931835
0.924603
0.918464
0.913388
0.909334
0.906374
0.904460
0.903410
0.903045
0.903211
0.903845
0.904908
0.906375
0.908206
0.910363
0.912755
0.915276
0.917828
0.920343
0.922780
0.925117
0.927359
0.930943
0.937819
0.946009
0.952017
0.953171
0.949565
0.943589
0.937986
0.934632
0.934399
0.937381
0.940136
0.934836
0.917902
0.890255
0.855551
0.817926
0.780925
0.747356
0.719121
0.697135
0.681406
0.671088
0.664715
0.660727
0.657833
0.655294
0.652570
0.649443
0.645896
0.642168
0.638609
0.635539
0.633177
0.631555
0.630456
0.629874
0.629685
0.629788
0.629985
0.630062
0.629418
0.627598
0.625283
0.621911
0.617857
0.612867
0.606691
0.599497
0.590859
0.582581
0.575623
0.570143
0.565442
0.561170
0.558152
0.564572
0.581493
0.606241
0.635609
0.667051
0.699047
0.729743
0.757762
0.782113
0.802317
0.818568
0.831446
0.841613
0.849622
0.855895
0.860989
0.865195
0.868660
0.871489
0.873717
0.875247
0.876120
0.876474
0.876459
0.876139
0.875549
0.874685
0.873549
0.872107
0.870370
0.868383
0.866208
0.863909
0.861546
0.859185
0.856869
0.854606
0.852401
0.850270
0.848227
0.843736
0.835517
0.826557
0.821155
0.821872
0.827707
0.835595
0.842606
0.846868
0.847536
0.847461
0.858739
0.885312
0.923517
0.968032
1.014718
1.060118
1.101198
1.135717
1.162596
1.182069
1.195770
1.206070
1.209497
1.205041
1.194039
1.178266
1.159335
1.139309
1.119533
1.100612
1.082781
1.065925
1.049314
1.032483
1.015226
0.997547
0.980116
0.962920
0.946837
0.932237
0.919285
0.908196
0.899016
0.891666
0.886021
0.881903
0.879096
0.875952
0.871116
0.864004
0.854624
0.835254
0.808671
0.779160
0.748825
0.717682
0.684684
0.648557
0.608492
0.564777
0.519854
0.476589
0.438985
0.421215
0.424511
0.443462
0.473001
0.508286
0.546284
0.585087
0.623204
0.659096
0.691539
0.720031
0.744621
0.765492
0.783184
0.798330
0.811409
0.822682
0.832570
0.841270
0.848883
0.855393
0.860834
0.865239
0.868599
0.871047
0.872733
0.873766
0.874233
0.874168
0.873607
0.872606
0.871240
0.869581
0.867728
0.865791
0.863860
0.861994
0.860209
0.858495
0.855957
0.849941
0.842083
0.835786
0.834010
0.837069
0.842821
0.848578
0.852402
0.853305
0.851034
0.845968
0.839158
0.832263
0.834145
0.849426
0.876073
0.909383
0.945247
0.980758
1.013865
1.042988
1.067029
1.085508
1.098770
1.107893
1.114229
1.119059
1.123176
1.127248
1.131571
1.136214
1.141072
1.145860
1.150244
1.154029
1.157137
1.159678
1.161576
1.163079
1.164216
1.165201
1.166341
1.168215
1.170860
1.174555
1.179118
1.184603
1.191255
1.198970
1.208094
1.216922
1.224613
1.231103
1.232836
1.224820
1.207447
1.182660
1.153599
1.122661
1.091568
1.061416
1.033632
1.009341
0.988916
0.972129
0.958422
0.947170
0.937799
0.929902
0.923227
0.917462
0.912534
0.908450
0.905205
0.902794
0.901262
0.900491
0.900294
0.900521
0.901108
0.902021
0.903261
0.904824
0.906696
0.908865
0.911266
0.913815
0.916430
0.919049
0.921628
0.924140
0.926588
0.928994
0.931363
0.933689
0.937136
0.944342
0.953359
0.960331
0.962044
0.958327
0.951672
0.945067
0.940629
0.939441
0.941749
0.947082
0.950544
0.939028
0.909093
0.866016
0.816454
0.765447
0.716831
0.673501
0.637327
0.609060
0.588272
0.573162
0.566925
0.570439
0.581683
0.597645
0.616629
0.636266
0.655084
0.672415
0.688161
0.702402
0.715837
0.729316
0.743289
0.757929
0.773059
0.788089
0.802997
0.816836
0.829558
0.841178
0.851608
0.860820
0.868800
0.875531
0.881012
0.885281
0.888429
0.890615
0.892031
0.892851
0.893219
0.893243
0.893013
0.892601
0.892073
0.891482
