0.900000
0.900000
0.900000
0.900000
0.900000
0.900000
0.900000
0.900000
0.900000
0.900000
0.900000
0.900000
0.900000
0.900000
0.900000
0.900000
0.900000
0.900000
0.900000
0.900000
0.900000
0.900000
0.900000
0.900000
0.900000
0.900000
0.900000
0.900000
0.900000
0.900000
0.900000
0.900000
0.900000
0.900000
0.900000
0.900000
0.900000
0.900000
0.900000
0.900000
0.900537
0.902072
0.904812
0.908823
0.917788
0.931392
0.947700
0.965351
0.984121
1.004605
1.027526
1.053355
1.081741
1.110950
1.139190
1.165385
1.188777
1.203617
1.203913
1.192318
1.173110
1.149896
1.124656
1.098552
1.072568
1.047956
1.025712
1.006524
0.990440
0.977125
0.966074
0.956870
0.949130
0.942572
0.936909
0.931900
0.927483
0.923657
0.920423
0.917851
0.915935
0.914570
0.913644
0.913064
0.912797
0.912828
0.913154
0.913760
0.914624
0.915687
0.916871
0.918102
0.919324
0.920499
0.921607
0.922649
0.924862
0.930062
0.936655
0.941385
0.941857
0.938433
0.933268
0.928425
0.925189
0.924210
0.925707
0.927438
0.923973
0.913493
0.897803
0.879637
0.860844
0.842531
0.825589
0.810822
0.798812
0.789742
0.783315
0.778892
0.775750
0.773282
0.771124
0.769008
0.766782
0.764368
0.761803
0.759213
0.756765
0.754606
0.752815
0.751368
0.750344
0.749762
0.749594
0.749758
0.750093
0.750044
0.749231
0.748051
0.746105
0.743637
0.740450
0.736380
0.731561
0.725754
0.720080
0.715178
0.711205
0.707708
0.704448
0.702046
0.706437
0.717906
0.734223
0.753259
0.773584
0.794465
0.814702
0.833342
0.849634
0.863179
0.874082
0.882721
0.889539
0.894905
0.899098
0.902503
0.905320
0.907651
0.909563
0.911076
0.912115
0.912702
0.912931
0.912902
0.912662
0.912234
0.911612
0.910797
0.909760
0.908506
0.907065
0.905481
0.903797
0.902057
0.900309
0.898585
0.896892
0.895233
0.893620
0.892063
0.888595
0.882021
0.874646
0.870111
0.870488
0.874737
0.880360
0.885266
0.888228
0.888670
0.888467
0.895695
0.911880
0.933230
0.956471
0.980246
1.003555
1.025120
1.043677
1.058406
1.069221
1.076891
1.082624
1.084813
1.083111
1.078126
1.070479
1.060784
1.050106
1.039258
1.028712
1.018695
1.009223
0.999999
0.990710
0.981159
0.971333
0.961416
0.951870
0.943464
0.936164
0.929886
0.924668
0.920474
0.917216
0.914772
0.913012
0.911814
0.910539
0.908638
0.905814
0.901918
0.893048
0.879368
0.862673
0.844339
0.824708
0.803370
0.779693
0.753266
0.724192
0.693698
0.663234
0.635515
0.621664
0.622281
0.633026
0.650494
0.671801
0.695281
0.719811
0.744316
0.767577
0.788621
0.807073
0.822986
0.836513
0.848021
0.857930
0.866555
0.874073
0.880732
0.886651
0.891888
0.896415
0.900236
0.903357
0.905757
0.907522
0.908751
0.909519
0.909885
0.909868
0.909492
0.908793
0.907820
0.906622
0.905272
0.903847
0.902418
0.901029
0.899693
0.898405
0.896470
0.891700
0.885253
0.879989
0.878426
0.880672
0.884868
0.888987
0.891711
0.892375
0.890744
0.886976
0.881766
0.876373
0.877512
0.887929
0.904993
0.925045
0.945813
0.966102
0.985092
1.002000
1.016147
1.027147
1.035135
1.040704
1.044616
1.047593
1.050087
1.052478
1.054968
1.057638
1.060467
1.063315
1.065989
1.068356
1.070338
1.071960
1.073128
1.073946
1.074413
1.074677
1.075018
1.075919
1.077456
1.079855
1.082956
1.086758
1.091406
1.096811
1.103179
1.109426
1.114982
1.119761
1.121147
1.115874
1.104755
1.089292
1.071449
1.052481
1.033239
1.014309
0.996680
0.981180
0.968109
0.957329
0.948483
0.941162
0.934994
0.929717
0.925164
0.921125
0.917552
0.914457
0.911858
0.909770
0.908245
0.907217
0.906565
0.906191
0.906054
0.906138
0.906454
0.907008
0.907800
0.908828
0.910050
0.911403
0.912826
0.914268
0.915694
0.917078
0.918423
0.919744
0.921048
0.922327
0.924601
0.930336
0.937982
0.943855
0.944958
0.941489
0.935835
0.930323
0.926413
0.924878
0.926039
0.929746
0.932377
0.924844
0.908300
0.889113
0.870096
0.851343
0.832925
0.815538
0.800169
0.787610
0.778065
0.770976
0.767173
0.767015
0.770065
0.775617
0.783363
0.792329
0.801650
0.810683
0.819010
0.826392
0.833064
0.839453
0.845939
0.852774
0.860004
0.867449
0.874737
0.881168
0.886979
0.892273
0.897010
0.901157
0.904687
0.907615
0.909971
0.911797
0.913149
0.914102
0.914735
0.915120
0.915317
0.915372
0.915321
0.915193
0.915015
0.914809
