25.0000000000000
24.9968546859547
25.0057362200485
25.0160819123848
25.0264374963579
25.0368009898279
25.0471697520004
25.0575406016792
25.0679104500036
25.0782769429826
25.0886387991873
25.0989956942581
25.1093479523048
25.1196962261666
25.1300412478562
25.1403836615759
25.1507239337208
25.1610623291969
25.1713989363970
25.1817337182519
25.1920665687331
25.2023973611872
25.2127259823117
25.2230523508590
25.2333764232254
25.2436981896097
25.2540176648663
25.2643348777565
25.2746498613119
25.2849626458283
25.2952732549343
25.3055817043972
25.3158880029025
25.3261921539201
25.3364941578783
25.3467940140859
25.3570917221094
25.3673872825288
25.3776807085596
25.3879719826164
25.3982611170615
25.4085481161104
25.4188329834339
25.4291157181930
25.4393963138236
25.4496747540595
25.4599508981678
25.4702246249949
25.4804959194602
25.4907650514020
25.5010327134766
25.5112984691542
25.5215571616838
25.5317955270843
25.5419916858775
25.5521034385493
25.5620860805048
25.5719101287684
25.5815649450180
25.5910167093028
25.6002356170170
25.6091894237567
25.6178208991303
25.6260769459618
25.6339346841299
25.6414039969504
25.6485109666467
25.6554054933994
25.6621944227499
25.6689121538343
25.6755235373904
25.6819735119912
25.6882089909330
25.6941761775119
25.6998654140767
25.7052742071129
25.7104135058853
25.7153036570488
25.7199718356198
25.7244361410869
25.7287186115990
25.7328366841320
25.7368027925677
25.7406325658129
25.7443422610817
25.7479460093580
25.7514563622475
25.7548819459750
25.7582261968779
25.7614921243067
25.7646790030810
25.7677854104414
25.7708099807274
25.7737527539826
25.7766155860519
25.7794023692474
25.7821135539441
25.7847685175811
25.7873875903981
25.7899184347143
25.7923118356315
25.7945506334271
25.7966655136498
25.7987267617175
25.8008128815287
25.8029779376690
25.8052353407600
25.8075604644274
25.8099041931591
25.8122069292214
25.8144206043583
25.8165347796546
25.8185747160297
25.8205916463891
25.8226550461758
25.8248483597280
25.8272645867463
25.8300001746484
25.8331496317865
25.8367834551222
25.8409254491896
25.8455678444647
25.8506708927351
25.8562011593579
25.8621276205956
25.8684226697658
25.8750564363467
25.8819992139325
25.8892317537134
25.8967525989513
25.9045633004454
25.9126655201116
25.9210516211717
25.9297231696973
25.9386532637800
25.9478389640668
25.9572627983246
25.9668907473285
25.9767066933186
25.9866472188556
25.9966987242030
26.0068235345189
26.0170234588973
26.0272736166213
26.0375531446861
26.0478192080559
26.0580228766178
26.0681596403556
26.0781829126585
26.0880533029161
26.0977570279446
26.1072669796598
26.1165391768267
26.1255228207584
26.1342022175216
26.1425330597388
26.1504710390994
26.1579722770551
26.1650138979886
26.1716423779589
26.1779435245488
26.1839968087414
26.1898844669469
26.1956640338229
26.2013422854407
26.2068923432484
26.2122810018733
26.2174887522360
26.2224997110539
26.2273061366258
26.2319113118149
26.2363221450740
26.2405431956614
26.2445896765322
26.2484726509019
26.2522050132153
26.2558002449707
26.2592707803051
26.2626300239919
26.2658903420533
26.2690592889190
26.2721460508289
26.2751562433665
26.2780929024158
26.2809571284217
26.2837492742054
26.2864703515056
26.2891226268372
26.2917075352718
26.2942278491605
26.2966861915520
26.2990844472199
26.3014173953840
26.3037135021475
26.3059707239125
26.3081314904540
26.3101502528411
26.3120219837247
26.3137869019627
26.3155175502930
26.3172893167472
26.3191528264031
26.3211153067374
26.3231460252799
26.3251894286530
26.3271847071118
26.3291115127533
26.3309884621001
26.3328645470345
26.3348198362522
26.3369662913237
26.3394411544123
26.3424001682042
26.3459956928324
26.3503353796806
26.3554188608302
26.3612090488604
26.3676418698983
26.3746621592799
26.3822357704748
26.3903245072777
26.3988783023071
26.4078426047485
26.4171442339280
26.4266961785389
26.4363842345336
26.4461404726138
26.4559120772609
26.4656757945597
26.4754170348993
26.4851316774256
26.4948740485851
26.5046508729584
26.5144731331092
26.5243447405325
26.5342573016597
26.5442021650919
26.5541719457983
26.5641608159911
26.5741637768107
26.5841766312109
26.5941958805009
26.6042189076089
26.6142436881458
26.6242687878062
26.6342933427552
26.6443175160396
26.6543402816570
26.6643614767046
26.6743818271986
26.6844028376894
26.6944243914679
26.7044376062206
26.7144293422526
26.7243793617125
26.7342376165080
26.7439525714800
26.7534871064186
26.7628032244549
26.7718422944180
26.7806065401306
26.7890525910753
26.7971481080560
26.8048950713912
26.8123324045552
26.8195169025787
26.8265390613194
26.8334991883927
26.8403703704402
26.8470978985721
26.8536220136520
26.8598926955070
26.8658742798844
26.8715420074373
26.8769158290992
26.8820103811608
26.8868486375837
26.8914591907234
26.8958653715500
26.9000830889072
26.9041327992122
26.9080287246938
26.9117844042925
26.9154142274109
26.9189346261089
26.9223581108810
26.9256932857153
26.9289454774312
26.9321145062229
26.9351999746017
26.9382002618829
26.9411135388167
26.9439394963364
26.9466791979962
26.9493358022937
26.9519117610215
26.9544158224397
26.9568876625834
26.9592795794618
26.9615401397218
26.9636447205449
26.9656156957535
26.9675190302352
26.9694353161341
26.9714257382862
26.9735115275301
26.9756737393164
26.9778656080274
26.9800296264749
26.9821140233466
26.9840855186205
26.9859322291896
26.9876825963079
26.9893907988306
26.9911162087313
26.9929170904832
26.9948550844946
26.9970003085247
26.9994329511774
27.0022453986467
27.0055252538495
27.0093222521568
27.0136479010733
27.0184757955101
27.0237754469571
27.0295116979263
27.0356538186116
27.0421670741861
27.0490189199058
27.0561830073942
27.0636530644332
27.0714258586066
27.0794994499976
27.0878587154595
27.0965100421447
27.1054182783433
27.1145839806941
27.1239812268799
27.1335792720396
27.1433392846752
27.1532136088452
27.1631622369431
27.1731795745734
27.1832478102431
27.1933420321366
27.2034182513850
27.2134169537537
27.2233304030811
27.2331019722132
27.2426865574966
27.2520681598038
27.2612073360628
27.2700093640023
27.2784620864441
27.2865242686890
27.2941613504798
27.3013536278682
27.3081065738905
27.3145041418002
27.3206552858901
27.3266392111475
27.3324942415648
27.3382159247125
27.3437804180392
27.3491551588696
27.3543169390914
27.3592616205968
27.3639898990924
27.3685101763789
27.3728381003908
27.3769850510599
27.3809576692697
27.3847702301598
27.3884313149170
27.3919517786324
27.3953436476634
27.3986188108410
27.4017892685612
27.4048667608973
27.4078586802298
27.4107691030448
27.4136025639182
27.4163601372657
27.4190417755139
27.4216468313723
27.4241755165055
27.4266305963759
27.4290152442481
27.4313328277925
27.4335874447361
27.4357820845956
27.4379158163608
27.4399950265848
27.4420507218420
27.4440310900398
27.4458818270889
27.4475826850455
27.4491583570156
27.4506744841864
27.4522091583028
27.4538259535890
27.4555462555621
27.4573502378254
27.4591893857910
27.4610043732484
27.4627411453025
27.4643714609608
27.4659219994053
27.4674501836766
27.4690270977061
27.4707406643930
27.4726996531047
27.4750312425108
27.4778790487085
27.4813891744872
27.4856600554180
27.4906783011746
27.4964262221421
27.5028503966698
27.5098849500597
27.5175160697314
27.5256819652338
27.5343226757898
27.5433572111110
27.5526744992591
27.5621499487399
27.5716643314181
27.5811711990652
27.5906467667639
27.6000943834854
27.6095329243806
27.6189747897296
27.6284676943227
27.6380042083643
27.6475925211433
27.6572308291036
27.6669085913150
27.6766165453093
27.6863473915193
27.6960953980417
27.7058559047173
27.7156251672403
27.7254001986254
27.7351786717545
27.7449588820524
27.7547397151299
27.7645205199640
27.7743010185790
27.7840811985893
27.7938612291826
27.8036412157990