76.9230769230769
76.8976439868780
77.1092038070349
77.1508944400035
77.1883460727383
77.2213156416429
77.2510572435850
77.2793136074138
77.3075708084462
77.3367127501318
77.3670014248901
77.3982587972673
77.4301042290482
77.4621559592946
77.4941477854567
77.5259590263601
77.5575854116132
77.5890863879615
77.6205364146186
77.6519940253086
77.6834903887679
77.7150320614808
77.7466105014312
77.7782120958390
77.8098251115949
77.8414426311662
77.8730623339877
77.9046846880750
77.9363109644628
77.9679419045589
77.9995772525965
78.0312159468021
78.0628566050106
78.0944979854679
78.1261392471110
78.1577799816293
78.1894200867105
78.2210595822335
78.2526958969315
78.2843339127224
78.3159709807324
78.3476067080333
78.3789269473760
78.4096984020223
78.4398495964402
78.4694318786081
78.4969467314559
78.5231371358566
78.5489056409517
78.5745084190668
78.5995494381695
78.6234783702501
78.6450821354410
78.6602150539133
78.6654544958483
78.6602015833120
78.6465345637079
78.6271323983642
78.6046833715713
78.5872282861283
78.5727722485855
78.5621822119655
78.5546203285089
78.5494776366052
78.5470436812913
78.5518672803647
78.5620280706387
78.5762670284654
78.5939601891409
78.6148493653941
78.6399783672082
78.6696593046742
78.7031900690609
78.7393644109444
78.7767836470783
78.8142067144482
78.8510855775220
78.8863011918184
78.9187838846143
78.9496310799775
78.9778660319014
79.0020977093921
79.0228003850138
79.0408764871648
79.0571364555541
79.0723086868777
79.0870407459454
79.1013901181209
79.1153975152887
79.1290344089813
79.1422614583331
79.1550625234976
79.1674281447797
79.1793287111028
79.1907382640891
79.2017274389694
79.2179467547921
79.2519513627174
79.2806737771870
79.2945969108822
79.2922076545387
79.2796758782523
79.2666231089810
79.2601966392890
79.2627449946450
79.2731793681907
79.2888509839508
79.3065392707835
79.3229946337849
79.3380000612245
79.3562717996988
79.3810651607105
79.4129245220951
79.4501269588492
79.4897713861041
79.5282122981768
79.5612115016558
79.5848401934038
79.6006451923766
79.6061135835491
79.6071749939950
79.6072948087780
79.6191777918362
79.6437747765009
79.6803062561301
79.7247420515257
79.7723267486420
79.8195101703286
79.8635735504382
79.9029502188504
79.9368897007631
79.9660870138888
79.9984281921880
80.0327588492018
80.0664610618670
80.0999589281399
80.1328126436179
80.1654920711714
80.1972195618982
80.2465549507761
80.2966254463396
80.3460821623500
80.3947051882696
80.4418292457085
80.4863615303813
80.5306717666311
80.5881284955949
80.6465414307967
80.7014822813165
80.7543706323324
80.8061598739962
80.8571823722545
80.9122270033586
80.9735564899395
81.0297557354134
81.0801782787202
81.1254297774431
81.1664714276841
81.2048296460255
81.2421561177286
81.2740745120469
81.3009079199157
81.3229513693002
81.3406427645525
81.3553030413756
81.3679941748628
81.3796240591954
81.3908846967290
81.4022598645641
81.4138634620381
81.4257752310622
81.4375554313064
81.4491247966392
81.4603994646744
81.4717050906704
81.4834609089499
81.4949374702281
81.5061555224671
81.5170807726276
81.5277276233110
81.5381726619093
81.5483781921357
81.5583252094474
81.5679942268794
81.5773867604124
81.5865348718174
81.5954751861504
81.6041796954453
81.6126289189267
81.6208213729670
81.6287707466829
81.6364925947419
81.6428918892879
81.6472874793106
81.6503240875929
81.6536225153442
81.6582106638434
81.6643245577084
81.6716836247468
81.6800457820364
81.6891004811740
81.6979077211221
81.7056108472558
81.7119820068224
81.7163379379755
81.7153010239600
81.7080499047014
81.6962652322691
81.6826243259397
81.6696339884539
81.6592475807772
81.6525820650501
81.6492305859801
81.6474699694414
81.6450137234172
81.6363661650124
81.6216034635445
81.6036187952887
81.5821699749471
81.5590888744003
81.5367318867385
81.5167159197591
81.4998665174372
81.4872422413515
81.4801406288951
81.4803766399177
81.4896409991397
81.5074171006507
81.5324521649074
81.5626331230936
81.5977306703097
81.6378121425878
81.6788488140986
81.7193244809155
81.7585100191887
81.7963112665900
81.8328356210385
81.8682576819553
81.9025741391787
81.9358867297309
81.9683392219913
82.0001044940341
82.0316462718291
82.0634161979734
82.0957460099003
82.1288242230652
82.1642583406616
82.2016796674372
82.2400492920263
82.2787079117844
82.3176631330818
82.3578602415391
82.4023461809336
82.4564213809057
82.5195212053249
82.5877507598881
82.6596944986878
82.7340199040168
82.8089026530673
82.8962807298034
82.9769345179310
83.0506880680753
83.1174564623748
83.1771118122246
83.2286505460436
83.2720605260935
83.3066972267777
83.3322531450882
83.3500593733554
83.3621884315704
83.3709525165539
83.3784372645992
83.3857608807549
83.3969786716954
83.4088791091500
83.4206253029289
83.4321323690945
83.4436276212416
83.4550082550974
83.4662156269905
83.4772682596464
83.4882655796949
83.4992458864629
83.5106763949349
83.5219545757805
83.5329812451854
83.5436863140129
83.5540031850074
83.5639293691182
83.5735532702083
83.5829034952773
83.5920088244057
83.6008946392105
83.6096028691186
83.6181775390464
83.6257631611379
83.6321373292440
83.6362300320477
83.6398915734151
83.6444826685760
83.6507381310722
83.6587946847939
83.6684064877243
83.6789098439628
83.6892460094346
83.6983945949160
83.7058790588842
83.7118451298135
83.7168080350742
83.7213297954758
83.7258035774804
83.7280253940534
83.7267020074530
83.7222193348169
83.7157776690455
83.7086000314677
83.7017470233439
83.6961301770743
83.6924486881158
83.6906278666729
83.6896883587072
83.6890293063503
83.6862483451392
83.6802820133078
83.6709447865083
83.6590768637017
83.6457994189057
83.6328059693680
83.6205975122529
83.6105088685527
83.6031570858885
83.5987782465884
83.5973108388570
83.5978860125179
83.5993842053787
83.6012191121407
83.6030665137380
83.6064252113175
83.6135654478048
83.6211269251459
83.6287779225570
83.6362479016679
83.6435599331853
83.6504543261374
83.6546049361974
83.6614575386733
83.6702251415947
83.6745251720535
83.6767456163638
83.6773078516687
83.6760832725441
83.6740960905486
83.6800504884876
83.6883944385511
83.6974861746973
83.7066649148273
83.7168364823719
83.7285711762488
83.7467211620503
83.7663751637462
83.7868559632408
83.8089556246711
83.8336657981092
83.8611054610180
83.8910941258591
83.9228825593971
83.9556223434375
83.9886765494145
84.0216034977821
84.0531585809156
84.0825577852883
84.1114930157627
84.1375119562531
84.1600521783765
84.1795990431205
84.1966634060184
84.2118680621121
84.2260780644369
84.2395598217766
84.2524496286977
84.2648262923053
84.2767563340462
84.2882663059221
84.2993890984321
84.3101351239569
84.3204754268380
84.3304207545972
84.3401446724288
84.3498167825099
84.3591771567838
84.3681102559350
84.3799157994153
84.4125562399648
84.4417165957051
84.4553935189179
84.4510976414043
84.4355540677529
84.4192090140472
84.4096479003517
84.4099293784596
84.4191429397858
84.4341039920038
84.4510805921350
84.4664087990266
84.4772263056488
84.4857624829586
84.5036824328998
84.5360004696960
84.5797348550051
84.6296250781044
84.6802837801750
84.7255915900182
84.7587286584774
84.7791971673699
84.7816940057593
84.7687184950407
84.7650611390882
84.7703133261778
84.7931984672742
84.8458339625283
84.9054863338930
84.9672140412648
85.0276118224444
85.0846634207187
85.1367159048898
85.1823035801648
85.2195360909300
85.2467246899840
85.2643979147279
85.2740418730606
85.2778706665546
85.2783539254450
85.2778838999076
85.2908581830457
85.3106421032510
85.3323363473172
85.3551290899363
85.3785105587537
85.4021720844984
85.4260547073469
85.4502399385776
85.4748441569058
85.4999717307763
85.5256869027359
85.5520282342542
85.5790129926183
85.6066596026125
85.6349692673759
85.6638887769223
85.6933104101362
85.7231003255733