0
5.43704738345651e-21
-1.10699230071326e-10
-1.58484809150104e-10
-1.47596384196085e-10
-9.69535729520839e-11
-2.10546560497901e-11
7.02047461985066e-11
8.15244222888340e-10
6.41259332564761e-10
5.34871805033729e-10
4.88799635528559e-10
4.87115577949328e-10
5.12210633438045e-10
5.49978405512346e-10
5.91646222712627e-10
6.33202513119856e-10
6.73718305242580e-10
7.13611835013349e-10
7.53426001774947e-10
7.93250353880796e-10
8.32650974969904e-10
8.70876953132792e-10
9.07135220070791e-10
9.40802464159658e-10
9.71524882845404e-10
9.99216265593832e-10
1.02399383386667e-09
1.04609434273728e-09
1.06580090005416e-09
1.08339456909428e-09
1.09913137433267e-09
1.11323777362468e-09
1.12591563109084e-09
1.13734945472599e-09
1.14771167139674e-09
1.15716467676810e-09
1.16586025218983e-09
1.02332440940125e-09
2.78833226232726e-09
3.55968621924653e-09
3.64131421050819e-09
-7.15730006375214e-07
-2.68905545440927e-06
-6.38231035137971e-06
-1.23730968989602e-05
-2.49006776512622e-05
-4.37926167590852e-05
-6.68998150272530e-05
-8.99887721171470e-05
-0.000104213104618362
-9.48345550689759e-05
-4.81049232886236e-05
4.86852536666417e-05
0.000203994950131425
0.000400522920994698
0.000566470564474278
0.000631605836275233
0.000540004183536722
0.000272933743531495
-0.000163873602401640
-0.000762838752623860
-0.00150878018862374
-0.00239320627805537
-0.00342267718704569
-0.00460698038620639
-0.00595981923097994
-0.00747539335032731
-0.00913218266698026
-0.0108734371274253
-0.0126107547651359
-0.0142627196036059
-0.0157744953026708
-0.0171172030367601
-0.0182928112576046
-0.0193207056548177
-0.0202282875018404
-0.0210424542011417
-0.0217911769982014
-0.0224868986389281
-0.0231402403787423
-0.0237563316298741
-0.0243405840632713
-0.0249021320589575
-0.0254446959000164
-0.0259705798446118
-0.0264811141728617
-0.0269753271803954
-0.0274528789863068
-0.0279124962960995
-0.0283526680457692
-0.0287726036770951
-0.0291727346301439
-0.0295545075060449
-0.0299195051227805
-0.0302704519123497
-0.0306120977817107
-0.0309618438644109
-0.0312998018671164
-0.0315992559632320
-0.0318504214131073
-0.0320633261974347
-0.0322615191411387
-0.0324709708100019
-0.0327093916187794
-0.0329797098855148
-0.0332704519687188
-0.0335612388005834
-0.0338304922116229
-0.0340631295727370
-0.0342546628243244
-0.0344097957618324
-0.0345378237379618
-0.0346483802573103
-0.0347489505070199
-0.0348434777224007
-0.0349313648368883
-0.0350078828598110
-0.0350753938017778
-0.0351117695151831
-0.0351041177680363
-0.0350108614259268
-0.0348054167782740
-0.0344479864453510
-0.0339125292992574
-0.0331813245823524
-0.0322432046711431
-0.0311111895244694
-0.0298107820178087
-0.0283738579725775
-0.0268373270481918
-0.0252395652416683
-0.0236105340884055
-0.0219670619976588
-0.0203211446280067
-0.0186828951471712
-0.0170545512055235
-0.0154381971146683
-0.0138428178535525
-0.0122779173963863
-0.0107488927146365
-0.00925947447745030
-0.00781790819224419
-0.00642608653931027
-0.00508844681504916
-0.00381597277883661
-0.00261149092147727
-0.00147171855068171
-0.000390562077113464
0.000644726723321741
0.00164642118655861
0.00262652523418933
0.00359614857704354
0.00455759422479934
0.00551256541613317
0.00646415215369885
0.00741509684478953
0.00838636361033794
0.00939011692856736
0.0104488347455864
0.0115838260997569
0.0127965138075622
0.0140734075876152
0.0153858092278723
0.0166939344083708
0.0179506150578998
0.0191193466142384
0.0201797768568813
0.0211297379509627
0.0219833059653976
0.0227594909132342
0.0234717655204119
0.0241312172866446
0.0247483298510622
0.0253291474429308
0.0258832462871327
0.0264136439107925
0.0269231972191112
0.0274150531442489
0.0278907340377136
0.0283523951538578
0.0288000731767893
0.0292330382950449
0.0296503497054633
0.0300515208923376
0.0304367349382058
0.0308064320180631
0.0311619915266403
0.0315035623606455
0.0318317824175328
0.0321467392350205
0.0324484711555991
0.0327427875750546
0.0330423819656770
0.0333223628466086
0.0335596777293627
0.0337511748513385
0.0339136616524103
0.0340678106717204
0.0342349393074646
0.0344311341362247
0.0346602685232162
0.0349091914759989
0.0351572124579405
0.0353842529119393
0.0355782305481063
0.0357363436215644
0.0358610025904744
0.0359579695116544
0.0360350306863290
0.0360991062502919
0.0361528968796484
0.0362059179227263
0.0362528065483125
0.0362819053262115
0.0362577122807264
0.0361095739435287
0.0357530024075658
0.0351233771732018
0.0341664609462485
0.0328694186868975
0.0312519152913575
0.0293504992468741
0.0272148134978775
0.0248882550534194
0.0224160162333773
0.0198524602080609
0.0172805077086277
0.0147922239005306
0.0124628114937880
0.0103454727828428
0.00847495313775127
0.00685521366225641
0.00547043647299155
0.00429169483302398
0.00328531419832680
0.00242354952510897
0.00168722778210682
0.00106137145514096
0.000534498781483072
9.70029333946224e-05
-0.000259655689941685
-0.000543196193112708
-0.000761355590580345
-0.000922090431315207
-0.00103319347801115
-0.00109851335057643
-0.00112540544204498
-0.00112246254263759
-0.00109968486627265
-0.00107071241566916
-0.00105360730096010
-0.00106396312755544
-0.00111533490221400
-0.00121860009924147
-0.00135815337421883
-0.00145880385511216
-0.00144520219260118
-0.00126778628484816
-0.000907508675617721
-0.000353854974775976
0.000392222306473226
0.00133150988618484
0.00247164932860290
0.00381314056687029
0.00535740303542614
0.00708455890940769
0.00894398872462447
0.0108498943383114
0.0127024950746419
0.0144218367645907
0.0159669032066536
0.0173252267833205
0.0185115552273783
0.0195564278901139
0.0204866405677909
0.0213295242514803
0.0221061077030082
0.0228319086632323
0.0235151000223555
0.0241619688057942
0.0247765264461529
0.0253632414129349
0.0259288846909149
0.0264769223428294
0.0270078519948767
0.0275206750584293
0.0280138780208159
0.0284856713497318
0.0289357598454491
0.0293635317275828
0.0297694815286061
0.0301550110270123
0.0305225962010810
0.0308750026169459
0.0312160033276564
0.0315658504544998
0.0319107949511241
0.0322225844727749
0.0324886493582130
0.0327164594037239
0.0329279806200565
0.0331492625360282
0.0333994892028975
0.0336836474204019
0.0339914801799110
0.0343026772675751
0.0345945927365821
0.0348496429016223
0.0350600261986885
0.0352286874137133
0.0353680068879522
0.0354939272019828
0.0356176638231321
0.0357429908155843
0.0358679876655700
0.0359874674346597
0.0360946896930289
0.0361821387003415
0.0362523316583436
0.0362916043617077
0.0362899996794814
0.0362113005076154
0.0360289024224380
0.0356950160244877
0.0351784984608354
0.0344537623507950
0.0335052800180329
0.0323433610244781
0.0309946290468510
0.0294917759865420
0.0278733039782578
0.0261812604408015
0.0244462377789344
0.0226868849942477
0.0209193960194582
0.0191552753851031
0.0173965923409758
0.0156493090509756
0.0139239533922925
0.0122272761021750
0.0105640103541049
0.00894203794751394
0.00736639344402225
0.00584247596296330
0.00438189406163906
0.00299110399723080
0.00166900305780197
0.000409560885219688
-0.000799872440707123
-0.00197363214193140
-0.00312709603851733
-0.00426184360989545
-0.00538334485980836
-0.00650389806254429
-0.00763529130035105
-0.00880460038652745
-0.0100259251544236
-0.0113123770689123
-0.0126715193859978
-0.0140862798636069
-0.0155143857583344
-0.0169045990252903
-0.0182137513980426
-0.0194105465630272
-0.0204833394731507
-0.0214359097772561
-0.0222844398371401
-0.0230544749095716
-0.0237679165361073
-0.0244350143399899
-0.0250639302384623
-0.0256610660753974
-0.0262301242200937
-0.0267778086996629
-0.0273065208114999
-0.0278180134584388
-0.0283141060843118
-0.0287951511558523
-0.0292614752511345
-0.0297127358887449
-0.0301476985069640
-0.0305651359798732
-0.0309643463634589
-0.0313457137145256
-0.0317103907488428
-0.0320606642075747
-0.0323978536525841
-0.0327228154432366
-0.0330361477856404
-0.0333378994604496
-0.0336294509542026
-0.0339275673130870
-0.0342162419761501
-0.0344688001066379
-0.0346751076591928
-0.0348480490151849
-0.0350073199273404
-0.0351747665244985
-0.0353679088572126
-0.0355952217587182
-0.0358462840178788
-0.0361016951945196
-0.0363398565003579
-0.0365447214436456
-0.0367105501219497
-0.0368437495034141
-0.0369558157531957
-0.0370550084903040
-0.0371456907588886
-0.0372295801336362
-0.0373053458799654
-0.0373678179544828
-0.0374237151779864
-0.0374633469399601
-0.0374697993625364
-0.0373990891558146
-0.0371899734120448
-0.0367568717896375
-0.0360266539425348
-0.0349468796876679
-0.0335087812308193
-0.0317303406780425
-0.0296475283198453
-0.0273083025184620
-0.0247642950028700
-0.0220884793176393
-0.0193830550871159
-0.0167499241740616
-0.0142771979191341
-0.0120244943461847
-0.0100249097039533
-0.00828626435708202
-0.00679019168241807
-0.00550710694843877
-0.00440251691821599
-0.00344472569377601
-0.00261145044327001
-0.00188944866866425
-0.00126889981822276
-0.000742170275855268
-0.000301718915208336
6.00786683569045e-05
0.000351185950554635
0.000579795794380504
0.000754168205484510
0.000882301381180093
0.000971838235633245
0.00102976920487937
0.00106233115449924
0.00107497526276881