-0.000000
-0.000000
-0.000000
-0.000000
-0.000000
-0.000000
-0.000000
-0.000000
-0.000000
-0.000000
-0.000000
-0.000000
-0.000000
-0.000000
-0.000000
-0.000000
-0.000000
-0.000000
-0.000000
-0.000000
-0.000000
-0.000000
-0.000000
-0.000000
-0.000000
-0.000000
-0.000000
-0.000000
-0.000000
-0.000000
-0.000000
-0.000000
-0.000000
-0.000000
-0.000000
-0.000000
-0.000000
-0.000000
-0.000000
-0.000000
-0.000013
-0.000042
-0.000088
-0.000152
-0.000307
-0.000497
-0.000676
-0.000780
-0.000671
-0.000124
0.001063
0.003155
0.006420
0.010745
0.015168
0.019225
0.022775
0.025960
0.029044
0.032162
0.035336
0.038469
0.041241
0.043203
0.043951
0.043244
0.041147
0.038352
0.035716
0.033771
0.032740
0.032579
0.033062
0.033932
0.034963
0.035986
0.036909
0.037688
0.038320
0.038819
0.039198
0.039456
0.039591
0.039620
0.039576
0.039498
0.039427
0.039398
0.039426
0.039507
0.039631
0.039780
0.039936
0.040081
0.040202
0.040297
0.040665
0.041639
0.042880
0.043870
0.044175
0.043631
0.042407
0.040892
0.039531
0.038678
0.038506
0.038964
0.039760
0.040516
0.040968
0.040959
0.040379
0.039138
0.037165
0.034417
0.030924
0.026881
0.022733
0.018825
0.015459
0.012782
0.010889
0.009776
0.009306
0.009246
0.009316
0.009250
0.008881
0.008148
0.007071
0.005708
0.004206
0.002680
0.001194
-0.000227
-0.001604
-0.002981
-0.004375
-0.005750
-0.007125
-0.008489
-0.009904
-0.011464
-0.013225
-0.015177
-0.017225
-0.019285
-0.021326
-0.023365
-0.025404
-0.027456
-0.029647
-0.031975
-0.034413
-0.036835
-0.038976
-0.040507
-0.041208
-0.040942
-0.039742
-0.037916
-0.036064
-0.034594
-0.033680
-0.033349
-0.033523
-0.034046
-0.034767
-0.035555
-0.036333
-0.037050
-0.037685
-0.038220
-0.038630
-0.038911
-0.039071
-0.039129
-0.039118
-0.039071
-0.039016
-0.038973
-0.038957
-0.038972
-0.039017
-0.039083
-0.039161
-0.039246
-0.039336
-0.039433
-0.039536
-0.039642
-0.040194
-0.041347
-0.042664
-0.043594
-0.043735
-0.043019
-0.041687
-0.040155
-0.038858
-0.038125
-0.038068
-0.038475
-0.038979
-0.039321
-0.039256
-0.038506
-0.036806
-0.033954
-0.029822
-0.024399
-0.018026
-0.011544
-0.005694
-0.000980
0.002397
0.004511
0.005601
0.006004
0.005989
0.005623
0.004768
0.003241
0.001029
-0.001222
-0.003071
-0.004293
-0.004809
-0.004626
-0.004001
-0.003160
-0.002332
-0.001648
-0.001145
-0.000800
-0.000570
-0.000410
-0.000290
-0.000189
-0.000088
0.000023
0.000145
0.000277
0.000491
0.000734
0.000960
0.001100
0.001009
0.000458
-0.000757
-0.002932
-0.006386
-0.011043
-0.015835
-0.020275
-0.024391
-0.028227
-0.031872
-0.035267
-0.038273
-0.040559
-0.041703
-0.041379
-0.039506
-0.036504
-0.033430
-0.031009
-0.029575
-0.029149
-0.029549
-0.030473
-0.031642
-0.032827
-0.033907
-0.034820
-0.035554
-0.036124
-0.036543
-0.036835
-0.037009
-0.037076
-0.037055
-0.036976
-0.036882
-0.036811
-0.036795
-0.036852
-0.036983
-0.037172
-0.037392
-0.037617
-0.037826
-0.038004
-0.038141
-0.038426
-0.039352
-0.040613
-0.041689
-0.042104
-0.041638
-0.040415
-0.038817
-0.037313
-0.036295
-0.035980
-0.036369
-0.037273
-0.038392
-0.039336
-0.039794
-0.039729
-0.039241
-0.038382
-0.037114
-0.035326
-0.032884
-0.029685
-0.025759
-0.021501
-0.017326
-0.013616
-0.010608
-0.008463
-0.007186
-0.006656
-0.006615
-0.006753
-0.006786
-0.006521
-0.005882
-0.004876
-0.003559
-0.002084
-0.000564
0.000931
0.002376
0.003791
0.005208
0.006607
0.007996
0.009370
0.010783
0.012346
0.014146
0.016187
0.018359
0.020566
0.022759
0.025015
0.027407
0.029938
0.032486
0.034904
0.036953
0.038322
0.038726
0.038079
0.036522
0.034551
0.032740
0.031447
0.030801
0.030736
0.031113
0.031774
0.032560
0.033366
0.034125
0.034816
0.035423
0.035942
0.036358
0.036651
0.036825
0.036893
0.036882
0.036828
0.036769
0.036732
0.036732
0.036775
0.036854
0.036959
0.037077
0.037193
0.037299
0.037396
0.037488
0.037578
0.037668
0.037995
0.039003
0.040345
0.041461
0.041862
0.041365
0.040131
0.038553
0.037088
0.036127
0.035877
0.036322
0.037201
0.038011
0.038382
0.038268
0.037635
0.036341
0.034200
0.031032
0.026685
0.021113
0.014670
0.008200
0.002357
-0.002316
-0.005598
-0.007543
-0.008360
-0.008339
-0.007633
-0.006208
-0.003967
-0.001080
0.001698
0.003903
0.005297
0.005832
0.005583
0.004791
0.003798
0.002807
0.001998
0.001420
0.001040
0.000796
0.000632
0.000504
0.000389
0.000280
0.000175
0.000076
-0.000014
-0.000093
-0.000159
-0.000211
-0.000251
-0.000277
-0.000293
-0.000300
