3116.12073602051
3120.96203413883
3138.80710646863
3183.03871926572
3226.95151041905
3252.79204507895
3257.78654123738
3248.50215311748
3233.87148611865
3220.95729668124
3213.47576994693
3211.94350393465
3214.71235614094
3219.31157688792
3223.57541836199
3226.24917848017
3227.05467635223
3226.40265053872
3224.99401574487
3223.48891890817
3222.32189072962
3221.66060525068
3221.46235538078
3221.57142005362
3221.81096586064
3222.04349234845
3222.19419680415
3222.24559193201
3222.21726702619
3222.14344189141
3222.05618486501
3221.97693471477
3221.91518288402
3221.87142866416
3221.84147985492
3221.82009284557
3221.80309987003
3221.78807401705
3221.77418410337
3221.76101292236
3221.74868728475
3221.73738720611
3221.76154303776
3221.91172831543
3222.27315716105
3222.89907457461
3224.00030886429
3225.89000602852
3228.46510040954
3231.09745239709
3232.50014493722
3230.35087071552
3221.18177481136
3200.65947259669
3163.63436975744
3105.59580595681
3026.89181812288
2935.22904913872
2841.64127905554
2754.77645453369
2676.76245927005
2604.13109479254
2531.29355082379
2453.41531490890
2369.28603360425
2282.40928973157
2199.76441648051
2129.23019079789
2077.19212663390
2046.27913347672
2032.27141645668
2025.76045452864
2016.53809692555
1996.88999569567
1963.96868097888
1920.33079196774
1871.76090270423
1824.43268975472
1783.21649171715
1750.49497851270
1725.75834893527
1706.94541832625
1691.53343057979
1677.81645406108
1665.11177560136
1653.20711643911
1642.17445809162
1632.13638572268
1623.06363638399
1614.80000055151
1606.96834251884
1599.15218845889
1591.10469635797
1582.82997986465
1574.46692403114
1566.26186365087
1559.24492385788
1557.28466966754
1563.54575320027
1576.04326092612
1587.66214733091
1591.75337176419
1585.83235579352
1572.24925177116
1556.44807432992
1544.14127645795
1538.84373711507
1540.73562752355
1547.04821285424
1553.58459025673
1556.69411851123
1554.75245233734
1548.56238005782
1540.66218827092
1534.22266740650
1532.13709475867
1536.45240779073
1548.18062520539
1567.97883198167
1596.15934536403
1631.77195713754
1672.52196720903
1714.16089721752
1753.16097330356
1787.03974621308
1815.43653758063
1839.17099076440
1859.64935825078
1879.28963089368
1901.10369390111
1928.49426248320
1964.34258985075
2010.38088634636
2066.71039884465
2131.19866350664
2201.12510377197
2274.63526171579
2350.07594404141
2426.75368294393
2505.62746493274
2587.03076087046
2670.48106531702
2756.08307619461
2843.83630537318
2933.09059727892
3023.87383296915
3116.84018872075
3211.91529283654
3308.56177162995
3405.91917035549
3503.04242027586
3599.40176209807
3694.32806247251
3787.15846825193
3877.77047819333
3966.19758662183
4052.33023821920
4136.10286531616
4216.81028245447
4293.49351584150
4364.43143295907
4427.43979257111
4480.96888430930
4523.80233618996
4555.10587919806
4575.42251046139
4587.45560331722
4595.05597202278
4601.94556554918
4610.64411250936
4621.76568223753
4634.72889569607
4648.84410960802
4663.45904622704
4678.11993137538
4692.52101856738
4706.36473110837
4719.70413009041
4732.59144738311
4744.95899863701
4756.65379570395
4767.44376022715
4777.30332143023
4786.36084250340
4794.79591338636
4802.72294701185
4810.22778414971
4817.33365798067
4824.02653774745
4830.33998060426
4836.30864107849
4842.00235106218
4845.49057844815
4842.18732262861
4828.99881315613
4809.44397926561
4792.59646552996
4786.62433023527
4794.85054493400
4814.96080701556
4840.20184531461
4862.31648279268
4875.08586726915
4876.67054584645
4869.40975201118
4858.04040418120
4847.46346783328
4841.08403871981
4840.02192608099
4842.99073392176
4846.82025241773
4847.52431066967
4840.86463184861
4822.76304198007
4790.29052295178
4742.19260887211
4680.93543673859
4612.52320573280
4544.68910382721
4483.24053392519
4431.58831737883
4389.01690835487
4351.50600282489
4314.10517302689
4272.65352482052
4226.64735421507
4178.26710795688
4129.78752197572
4080.88765707675
4028.53089825398
3970.03689026281
3903.95975173535
3830.74715765001
3753.32862999478
3676.13883197046
3603.84532128623
3540.12196258238
3486.62341989537
3443.06621522456
3408.02253689344
3379.62197388443
3356.04827493552
3335.79074685320
3317.73996874941
3301.22464211065
3285.94693642803
3271.65783171508
3258.06267023080
3245.25583938435
3233.83530862871
3225.08159369709
3221.35549750027
3226.16598518220
3243.82642820454
3279.40520973118
3337.46525374836
3417.33673152334
3510.15634468374
3604.59579578982
3692.75009703042
3772.20250320086
3845.36745227520
3916.27738848639
3986.74237633344
4055.45244815335
4119.39259470609
4175.51342518598
4222.03090284202
4258.78471296189
4288.58829296525
4316.18339649225
4345.81156103743
4379.93256757584
4418.99406314756
4461.12226171392
4503.40671162898
4543.56706656514
4580.20565082046
4612.66056615027
4640.85222388220
4665.21460735433
4686.35106533263
4704.86358612227
4721.12854824941
4735.17261250045
4747.07492002657
4757.08979716299
4765.56371187116
4772.90608921031
4779.50911121568
4785.69691301772
4791.82470578173
4798.14748089112
4804.74780483986
4811.52761874765
4817.85672658621
4818.14254356648
4808.98426011598
4790.43228533013
4770.60690487416
4759.29910751446
4762.58882157107
4780.24843976311
4806.27468171787
4831.95314926154
4849.81991430887
4856.41662677971
4852.75839122429
4843.02946326647
4832.60979332892
4826.15937142573
4826.11829160930
4832.00321274295
4841.01707377137
4849.60375131352
4854.87458528734
4855.29890593263
4850.68776613700
4841.72271912029
4828.82428612431
4811.70027585865
4789.94137760546
4763.38086506270
4733.19720716873
4701.05235169199
4668.97464971967
4638.01828455213
4608.75712283229
4581.66425483824
4555.74798972093
4528.85764574358
4498.30039380065
4461.09546208605
4414.26952786764
4356.67127441077
4289.29302075202
4213.71418361850
4132.10789587564
4047.13655681623
3960.31973030743
3871.90158879556
3782.03597685524
3690.80164790842
3598.01821761770
3503.83867570516
3408.11561805427
3309.83648882038
3208.21658486506
3103.27575374026
2996.00292015408
2888.25035237470
2781.91172254496
2677.91328836057
2575.65852152727
2474.60861208909
2375.08241712153
2278.87885052208
2189.30847274683
2109.89904272692
2044.72907849658
1997.30613615040
1967.71458404297
1951.97110380025
1943.59571747740
1935.16822752292
1920.84019154553
1898.06308041391
1867.74284124091
1833.37618777115
1799.47311137397
1769.29162483543
1743.85419752672
1722.74790676415
1704.82034418067
1689.05704603600
1674.92874058201
1662.00745478725
1650.08166324956
1639.16891728901
1629.30229638594
1620.46591312969
1612.42455568309
1604.79966311589
1597.22937888735
1589.52140035690
1581.69538160830
1573.90523254635
1566.46130283877
1559.57145038274
1553.31395307644
1547.62516372514
1542.74627591377
1542.16277861677
1548.98863279816
1562.09907304493
1574.69040110451
1580.19228690176
1576.10774640638
1564.22150050750
1549.30133989280
1537.06190229964
1531.68087831761
1533.88246830085
1541.07911264366
1548.86602751232
1553.07343142568
1551.65606611369
1545.52991987491
1537.68552044090
1531.54932856746
1530.00521526210
1535.14708890581
1548.31882888201
1571.19045031458
1606.56524508327
1656.73559598388
1721.38163896465
1796.04350808457
1872.93518590977
1943.69424880464
2004.14572369129
2054.58019129623
2097.66848631669
2136.40164954147
2172.58138239798
2207.12642639464
2239.42232540355
2270.54664015074
2303.60227297402
2343.07625019567
2392.47926279537
2452.40131781187
2521.24946630330
2595.50652118582
2670.68383783721
2743.56252419508
2812.45172587835
2876.39517074871
2934.75598973419
2986.98488070507
3032.62816182363
3071.54383408239
3103.88021191566
3130.02601774209
3150.57167932431
3166.24525622953
3177.84199757200
3186.16704455075
3191.98434982655
3195.98335835398
3198.75361694710