0
0
0
0
0
0
0
0
0
0
0
0
0
0
0
0
0
0
0
0
0
0
0
0
0
0
0
0
0
0
0
0
0
0
0
0
0
0
0
0
0
0
0
0
0
0
0
0
0
0.000200000000000000
0.000600000000000000
0.00120000000000000
0.00200000000000000
0.00409000000000000
0.00618000000000000
0.00827000000000000
0.0103600000000000
0.0124500000000000
0.0145500000000000
0.0166400000000000
0.0187300000000000
0.0208200000000000
0.0229100000000000
0.0250000000000000
0.0270900000000000
0.0291800000000000
0.0312700000000000
0.0333600000000000
0.0354500000000000
0.0375500000000000
0.0396400000000000
0.0417300000000000
0.0438200000000000
0.0459100000000000
0.0480000000000000
0.0490000000000000
0.0498000000000000
0.0500000000000000
0.0500000000000000
0.0500000000000000
0.0500000000000000
0.0500000000000000
0.0500000000000000
0.0500000000000000
0.0500000000000000
0.0500000000000000
0.0500000000000000
0.0500000000000000
0.0500000000000000
0.0500000000000000
0.0500000000000000
0.0500000000000000
0.0500000000000000
0.0500000000000000
0.0500000000000000
0.0500000000000000
0.0500000000000000
0.0500000000000000
0.0500000000000000
0.0498000000000000
0.0494000000000000
0.0490000000000000
0.0480000000000000
0.0466700000000000
0.0453300000000000
0.0440000000000000
0.0426700000000000
0.0413300000000000
0.0400000000000000
0.0386700000000000
0.0373300000000000
0.0360000000000000
0.0346700000000000
0.0333300000000000
0.0320000000000000
0.0306700000000000
0.0293300000000000
0.0280000000000000
0.0266700000000000
0.0253300000000000
0.0240000000000000
0.0226700000000000
0.0213300000000000
0.0200000000000000
0.0186700000000000
0.0173300000000000
0.0160000000000000
0.0146700000000000
0.0133300000000000
0.0120000000000000
0.0106700000000000
0.00933000000000000
0.00800000000000000
0.00667000000000000
0.00533000000000000
0.00400000000000000
0.00267000000000000
0.00133000000000000
2.08000000000000e-17
-0.00133000000000000
-0.00267000000000000
-0.00400000000000000
-0.00533000000000000
-0.00667000000000000
-0.00800000000000000
-0.00933000000000000
-0.0106700000000000
-0.0120000000000000
-0.0133300000000000
-0.0146700000000000
-0.0160000000000000
-0.0173300000000000
-0.0186700000000000
-0.0200000000000000
-0.0213300000000000
-0.0226700000000000
-0.0240000000000000
-0.0253300000000000
-0.0266700000000000
-0.0280000000000000
-0.0293300000000000
-0.0306700000000000
-0.0320000000000000
-0.0333300000000000
-0.0346700000000000
-0.0360000000000000
-0.0373300000000000
-0.0386700000000000
-0.0400000000000000
-0.0413300000000000
-0.0426700000000000
-0.0440000000000000
-0.0453300000000000
-0.0466700000000000
-0.0480000000000000
-0.0490000000000000
-0.0498000000000000
-0.0500000000000000
-0.0500000000000000
-0.0500000000000000
-0.0500000000000000
-0.0500000000000000
-0.0500000000000000
-0.0500000000000000
-0.0500000000000000
-0.0500000000000000
-0.0500000000000000
-0.0500000000000000
-0.0500000000000000
-0.0500000000000000
-0.0500000000000000
-0.0500000000000000
-0.0500000000000000
-0.0500000000000000
-0.0500000000000000
-0.0500000000000000
-0.0500000000000000
-0.0500000000000000
-0.0500000000000000
-0.0498000000000000
-0.0494000000000000
-0.0490000000000000
-0.0480000000000000
-0.0458100000000000
-0.0436200000000000
-0.0414300000000000
-0.0392400000000000
-0.0370500000000000
-0.0348600000000000
-0.0326700000000000
-0.0304800000000000
-0.0282900000000000
-0.0261000000000000
-0.0239000000000000
-0.0217100000000000
-0.0195200000000000
-0.0173300000000000
-0.0151400000000000
-0.0129500000000000
-0.0107600000000000
-0.00857000000000000
-0.00638000000000000
-0.00419000000000000
-0.00200000000000000
-0.00120000000000000
-0.000600000000000000
-0.000200000000000000
0
0
0
0
0
0
0
0
0
0
0
0
0
0
0
0
0
0
0
0
0
0
-0.000200000000000000
-0.000600000000000000
-0.00120000000000000
-0.00200000000000000
-0.00419000000000000
-0.00638000000000000
-0.00857000000000000
-0.0107600000000000
-0.0129500000000000
-0.0151400000000000
-0.0173300000000000
-0.0195200000000000
-0.0217100000000000
-0.0239000000000000
-0.0261000000000000
-0.0282900000000000
-0.0304800000000000
-0.0326700000000000
-0.0348600000000000
-0.0370500000000000
-0.0392400000000000
-0.0414300000000000
-0.0436200000000000
-0.0458100000000000
-0.0480000000000000
-0.0488000000000000
-0.0494000000000000
-0.0498000000000000
-0.0500000000000000
-0.0500000000000000
-0.0500000000000000
-0.0500000000000000
-0.0500000000000000
-0.0500000000000000
-0.0500000000000000
-0.0500000000000000
-0.0500000000000000
-0.0500000000000000
-0.0500000000000000
-0.0500000000000000
-0.0500000000000000
-0.0500000000000000
-0.0500000000000000
-0.0500000000000000
-0.0500000000000000
-0.0500000000000000
-0.0500000000000000
-0.0500000000000000
-0.0500000000000000
-0.0500000000000000
-0.0498000000000000
-0.0494000000000000
-0.0488000000000000
-0.0480000000000000
-0.0466500000000000
-0.0453000000000000
-0.0439400000000000
-0.0425900000000000
-0.0412400000000000
-0.0398900000000000
-0.0385400000000000
-0.0371800000000000
-0.0358300000000000
-0.0344800000000000
-0.0331300000000000
-0.0317700000000000
-0.0304200000000000
-0.0290700000000000
-0.0277200000000000
-0.0263700000000000
-0.0250100000000000
-0.0236600000000000
-0.0223100000000000
-0.0209600000000000
-0.0196100000000000
-0.0182500000000000
-0.0169000000000000
-0.0155500000000000
-0.0142000000000000
-0.0128500000000000
-0.0114900000000000
-0.0101400000000000
-0.00879000000000000
-0.00744000000000000
-0.00608000000000000
-0.00473000000000000
-0.00338000000000000
-0.00203000000000000
-0.000676000000000000
0.000676000000000000
0.00203000000000000
0.00338000000000000
0.00473000000000000
0.00608000000000000
0.00744000000000000
0.00879000000000000
0.0101400000000000
0.0114900000000000
0.0128500000000000
0.0142000000000000
0.0155500000000000
0.0169000000000000
0.0182500000000000
0.0196100000000000
0.0209600000000000
0.0223100000000000
0.0236600000000000
0.0250100000000000
0.0263700000000000
0.0277200000000000
0.0290700000000000
0.0304200000000000
0.0317700000000000
0.0331300000000000
0.0344800000000000
0.0358300000000000
0.0371800000000000
0.0385400000000000
0.0398900000000000
0.0412400000000000
0.0425900000000000
0.0439400000000000
0.0453000000000000
0.0466500000000000
0.0480000000000000
0.0488000000000000
0.0494000000000000
0.0498000000000000
0.0500000000000000
0.0500000000000000
0.0500000000000000
0.0500000000000000
0.0500000000000000
0.0500000000000000
0.0500000000000000
0.0500000000000000
0.0500000000000000
0.0500000000000000
0.0500000000000000
0.0500000000000000
0.0500000000000000
0.0500000000000000
0.0500000000000000
0.0500000000000000
0.0500000000000000
0.0500000000000000
0.0500000000000000
0.0500000000000000
0.0500000000000000
0.0500000000000000
0.0498000000000000
0.0494000000000000
0.0488000000000000
0.0480000000000000
0.0458100000000000
0.0436200000000000
0.0414300000000000
0.0392400000000000
0.0370500000000000
0.0348600000000000
0.0326700000000000
0.0304800000000000
0.0282900000000000
0.0261000000000000
0.0239000000000000
0.0217100000000000
0.0195200000000000
0.0173300000000000
0.0151400000000000
0.0129500000000000
0.0107600000000000
0.00857000000000000
0.00638000000000000
0.00419000000000000
0.00200000000000000
0.00120000000000000
0.000600000000000000
0.000200000000000000
0
0
0
0
0
0
0
0
0
0
0
0
0
0
0
0
0
0
0
0
0
0
0
0
0
0
0
0
0
0
0
0
0
0
0
0
0
0
0
0
0

