0.900000
0.900000
0.900000
0.900000
0.900000
0.900000
0.900000
0.900000
0.900000
0.900000
0.900000
0.900000
0.900000
0.900000
0.900000
0.900000
0.900000
0.900000
0.900000
0.900000
0.900000
0.900000
0.900000
0.900000
0.900000
0.900000
0.900000
0.900000
0.900000
0.900000
0.900000
0.900000
0.900000
0.900000
0.900000
0.900000
0.900000
0.900000
0.900000
0.900000
0.899464
0.897939
0.895231
0.891282
0.882483
0.869137
0.853141
0.835827
0.817409
0.797302
0.774801
0.749446
0.721569
0.692848
0.665017
0.639106
0.615874
0.601082
0.600827
0.612652
0.632383
0.656397
0.682631
0.709825
0.736907
0.762565
0.785765
0.805785
0.822548
0.836384
0.847814
0.857273
0.865161
0.871777
0.877423
0.882351
0.886628
0.890259
0.893253
0.895543
0.897143
0.898165
0.898725
0.898923
0.898799
0.898370
0.897648
0.896653
0.895405
0.893969
0.892419
0.890830
0.889254
0.887725
0.886262
0.884864
0.882361
0.877025
0.870376
0.865500
0.864700
0.867676
0.872353
0.876694
0.879431
0.879947
0.878071
0.876102
0.879534
0.890388
0.907126
0.926976
0.947755
0.967976
0.986482
1.002357
1.015030
1.024380
1.030787
1.035000
1.037842
1.039996
1.041861
1.043733
1.045763
1.048009
1.050401
1.052777
1.054959
1.056802
1.058244
1.059346
1.060049
1.060357
1.060309
1.059993
1.059569
1.059574
1.060390
1.061603
1.063633
1.066205
1.069490
1.073640
1.078513
1.084348
1.090021
1.094896
1.098821
1.102254
1.105437
1.107764
1.103423
1.092220
1.076414
1.058093
1.038595
1.018562
0.999087
0.981071
0.965248
0.952032
0.941340
0.932812
0.926027
0.920631
0.916352
0.912820
0.909840
0.907311
0.905170
0.903403
0.902082
0.901192
0.900642
0.900333
0.900222
0.900290
0.900545
0.900992
0.901663
0.902557
0.903645
0.904885
0.906234
0.907645
0.909068
0.910472
0.911849
0.913194
0.914495
0.915741
0.919025
0.925622
0.933079
0.937521
0.936799
0.932070
0.925936
0.920519
0.917065
0.916192
0.916103
0.909003
0.894076
0.875679
0.856684
0.837544
0.818492
0.800389
0.784395
0.771417
0.761699
0.754670
0.749350
0.746789
0.747357
0.750809
0.756850
0.765057
0.774495
0.784363
0.794123
0.803445
0.812216
0.820670
0.829124
0.837811
0.846782
0.855924
0.864750
0.872509
0.879274
0.885138
0.890057
0.894048
0.897175
0.899542
0.901267
0.902454
0.903726
0.905644
0.908523
0.912526
0.921681
0.935822
0.953087
0.972045
0.992335
1.014366
1.038782
1.066005
1.095917
1.127229
1.158413
1.186678
1.200774
1.200245
1.189658
1.172539
1.151788
1.129017
1.105276
1.081587
1.059144
1.038895
1.021165
1.005869
0.992833
0.981694
0.972048
0.963590
0.956156
0.949507
0.943537
0.938192
0.933505
0.929478
0.926113
0.923434
0.921362
0.919805
0.918694
0.917974
0.917631
0.917649
0.917994
0.918621
0.919482
0.920505
0.921607
0.922717
0.923787
0.924802
0.925765
0.927413
0.932053
0.938468
0.943633
0.944918
0.942258
0.937597
0.932998
0.929798
0.928695
0.929969
0.933494
0.938577
0.943901
0.942640
0.932314
0.916033
0.897538
0.878780
0.860547
0.843375
0.827888
0.814727
0.804311
0.796572
0.791020
0.786991
0.783855
0.781199
0.778682
0.776108
0.773375
0.770480
0.767534
0.764712
0.762152
0.759947
0.758102
0.756727
0.755750
0.755173
0.754849
0.754480
0.753586
0.752091
0.749786
0.746809
0.743118
0.738555
0.733202
0.726856
0.720598
0.715006
0.710166
0.708735
0.714060
0.725399
0.741273
0.759691
0.779328
0.799256
0.818835
0.837027
0.852983
0.866407
0.877441
0.886457
0.893876
0.900080
0.905340
0.909827
0.913756
0.917178
0.920081
0.922456
0.924291
0.925538
0.926270
0.926610
0.926660
0.926464
0.926041
0.925384
0.924492
0.923369
0.922017
0.920483
0.918825
0.917105
0.915370
0.913655
0.911982
0.910349
0.908740
0.907152
0.905589
0.903099
0.897370
0.889860
0.884009
0.882658
0.885686
0.890839
0.895847
0.899273
0.900380
0.898895
0.895009
0.892290
0.899922
0.917724
0.939969
0.963275
0.986608
1.009201
1.030012
1.047977
1.062380
1.073152
1.081037
1.084749
1.083955
1.079491
1.072475
1.063409
1.053406
1.043342
1.033781
1.025020
1.017178
1.009955
1.002896
0.995651
0.988021
0.980016
0.971872
0.963950
0.956973
0.950723
0.945090
0.940104
0.935776
0.932115
0.929097
0.926684
0.924828
0.923462
0.922507
0.921877
0.921494
0.921298
0.921243
0.921292
0.921415
0.921587
0.921787
