76.9230769230769
76.8976439868780
77.1092037790790
77.1508943855683
77.1883459986541
77.2213155555043
77.2510571508432
77.2793135112633
77.3075707477639
77.3367126979672
77.3670013645282
77.3982587292548
77.4301041560489
77.4621558834234
77.4941477080204
77.5259589480776
77.5575853328815
77.5890863090493
77.6205363357688
77.6519939467661
77.6834903107666
77.7150319842189
77.7466104250539
77.7782120204336
77.8098250371983
77.8414425577783
77.8730622615861
77.9046846166270
77.9363108939333
77.9679418349148
77.9995771838079
78.0312158788418
78.0628565378540
78.0944979190913
78.1261391814925
78.1577799167481
78.1894200225475
78.2210595187715
78.2526956374503
78.2843338404545
78.3159710744978
78.3476069196464
78.3795544875981
78.4120458859664
78.4451510451389
78.4788203861788
78.5145754984791
78.5516932017194
78.5892587819458
78.6269216541790
78.6648964117044
78.7040939611275
78.7473394748884
78.8004898551337
78.8632044040891
78.9308167959051
79.0018369057158
79.0755136642080
79.1508648579233
79.2310900825373
79.3146522090956
79.3915324257936
79.4612708908446
79.5240083444409
79.5801661320474
79.6300260058569
79.6755608633432
79.7114237440219
79.7379100404796
79.7567364371918
79.7707926551990
79.7810376386743
79.7894924738657
79.7990809985618
79.8095504227462
79.8205637773461
79.8319273955799
79.8435358453897
79.8554696919890
79.8673607463813
79.8791080964435
79.8907825517531
79.9026039104506
79.9148906203034
79.9269876437552
79.9388359625738
79.9503587123955
79.9615045621208
79.9723117774792
79.9828073980876
79.9929932960575
80.0028776355608
80.0124901870428
80.0218798865924
80.0310778581725
80.0401368280066
80.0481242235203
80.0543320375670
80.0587152487912
80.0629580294946
80.0682694834417
80.0751771140531
80.0836780119721
80.0934703608430
80.1039113198805
80.1140366905011
80.1229915960075
80.1304366243019
80.1365810084336
80.1410186759110
80.1420884448704
80.1393567113088
80.1336687951124
80.1265916656827
80.1196628529894
80.1140336653988
80.1104053496224
80.1089256206414
80.1088665133220
80.1088065536830
80.1086786227842
80.1059545619506
80.1005034706158
80.0922872613432
80.0819970698974
80.0705905462402
80.0592698072541
80.0494620128223
80.0418273994698
80.0368858116460
80.0347795885364
80.0353180320013
80.0378369009673
80.0410959442907
80.0445350907196
80.0480405397137
80.0511595129778
80.0591649464869
80.0679967346877
80.0771185453619
80.0861746026987
80.0952103929561
80.1041919441804
80.1126842393683
80.1182246516943
80.1271168468990
80.1377644299505
80.1442034908016
80.1487530350126
80.1520566028660
80.1540596893811
80.1545776682892
80.1546751114507
80.1601101615279
80.1662620688139
80.1741595532126
80.1829997152559
80.1929169033971
80.2041841667752
80.2224375788234
80.2420913257532
80.2621586411212
80.2825077861970
80.3035112821984
80.3259317756788
80.3504963348280
80.3773938716248
80.4063101287337
80.4365751782315
80.4676587716102
80.4983852531730
80.5278013066246
80.5575873694457
80.5855595153492
80.6103233135423
80.6319300891426
80.6506371415959
80.6670673996286
80.6820950466404
80.6959399397934
80.7089092206948
80.7212497525218
80.7331052284085
80.7445729483073
80.7557043813848
80.7664901520649
80.7769273500516
80.7870672288665
80.7972125771590
80.8073117700578
80.8171182313835
80.8266025010580
80.8455374203346
80.8786843213193
80.9036395593025
80.9120007955747
80.9043516796216
80.8893643655244
80.8764359208966
80.8713821376328
80.8758709261545
80.8879874571705
80.9043972479987
80.9214865668974
80.9383395677501
80.9626613239477
80.9976344264396
81.0410182919509
81.0888705108450
81.1373895507674
81.1820680405340
81.2170677465662
81.2403500791639
81.2475154040888
81.2389567157646
81.2354049265109
81.2417379785988
81.2645658062694
81.3107644697291
81.3706512009545
81.4318136733805
81.4916249173725
81.5480320727404
81.5999782712238
81.6469367255932
81.6883249957699
81.7230728401081
81.7493635668915
81.7671406979571
81.7776888225537
81.7833300202279
81.7858474533783
81.7978090995781
81.8165132877551
81.8374508036105
81.8600745460732
81.8839055495427
81.9085013107389
81.9336255810168
81.9591596891232
81.9850870982394
82.0114316772810
82.0379198180282
82.0643732672379
82.0907872167633
82.1172864822422
82.1422434487431
82.1664581643503
82.1908128028111
82.2152877542296
82.2388414757614
82.2603141470442
82.2801624550892
82.2944024147032
82.2974439305229
82.2885591186731
82.2699110385549
82.2449286884954
82.2216651586336
82.2044996105330
82.1896453858137
82.1770943414879
82.1669822956601
82.1604822060610
82.1602556691852
82.1674037693176
82.1798774889289
82.1983234008682
82.2244655094845
82.2552134526425
82.2891554345046
82.3264203484381
82.3676033169710
82.4093669702287
82.4501635345857
82.4890941699829
82.5258435413262
82.5590592065286
82.5886506722465
82.6162476917815
82.6401805636175
82.6607829905383
82.6789763669811
82.6956372714893
82.7114074606410
82.7266276289487
82.7415559284314
82.7564058115206
82.7710039610602
82.7852122431301
82.7989419124715
82.8121288171126
82.8247451297169
82.8367632583686
82.8481351824096
82.8614282852480
82.8959055653237
82.9276287268549
82.9448406025388
82.9442694423835
82.9310406616649
82.9151440269393
82.9050184112729
82.9041915296959
82.9121657835297
82.9264648032361
82.9438242413660
82.9607825504069
82.9743750156245
82.9831243199992
82.9877379177932
82.9968200490250
83.0169903311337
83.0486899488654
83.0882529466917
83.1308372720209
83.1716133335867
83.2061343046341
83.2306471490154
83.2464839508876
83.2522551156509
83.2527163607786
83.2514186661426
83.2613042096605
83.2831182568589
83.3180975015345
83.3618886468166
83.4098435993244
83.4581474249972
83.5036462745825
83.5443988092722
83.5793462073400
83.6092047131056
83.6442571615569
83.6779720832765
83.7107591252348
83.7425613128550
83.7732758769059
83.8034314353540
83.8423391362569
83.8923068782120
83.9419738356114
83.9906974727943
84.0377558058016
84.0818586424084
84.1244966234967
84.1817402913130
84.2402052331108
84.2945952378283
84.3467920620020
84.3979278561873
84.4472795393186
84.5094542925608
84.5654958179648
84.6148597882466
84.6583764683335
84.6968308198302
84.7316656592318
84.7634371519918
84.7890750794728
84.8090363472344
84.8242930170123
84.8364247119578
84.8472281780517
84.8576671381155
84.8682559881395
84.8792233336319
84.8906075886951
84.9023474060707
84.9142474971989
84.9259526160088
84.9373716657168
84.9484519625973
84.9595758426282
84.9709309418819
84.9819768297634
84.9927422023167
85.0032098870945
85.0133426484802
85.0231825990869
85.0327653742192
85.0420614069097
85.0510653112971
85.0597810700828
85.0682393111918
85.0764874563665
85.0845843210338
85.0924630360835
85.1001257563967
85.1075715619133
85.1148126396631
85.1209745576703
85.1257377560325
85.1283953590506
85.1307851080038
85.1341819129793
85.1391896600426
85.1456640076846
85.1532930197134
85.1619113040388
85.1706108679820
85.1782898671950
85.1845339686970
85.1894858962967
85.1936380229322
85.1962458496785
85.1937253836755
85.1854762111910
85.1735119262196
85.1603128218805
85.1478852087668
85.1377335334453
85.1307405172269
85.1264388087418
85.1235740746536
85.1191236769345
85.1081603084779
85.0935005155587
85.0747566581005
85.0520178290840
85.0274033875338
85.0036196495563
84.9824552392611
84.9652380846613
84.9538907730057
84.9503503795489
84.9561316008984
84.9710972995167
84.9941089743045
85.0234176284754
85.0562554568094
85.0911794125421
85.1318662180236
85.1721557234623
85.2110364730537
85.2483455011890
85.2843366519428
85.3193244869560
85.3534588598344
85.3868045121116
85.4194239906598
85.4513980872630
85.4828196282663
85.5138022954520
85.5445044653258
85.5751056860280
85.6057652318456
85.6365616564181
85.6674708118426
85.6984021604404
85.7292591165605