76.9230769230769
76.8984073096605
77.1854553393522
77.2228922574064
77.2556785617788
77.2852937546474
77.3134916495830
77.3417370774189
77.3708828346979
77.4011574648986
77.4323541508221
77.4640851094964
77.4959852467077
77.5278166730152
77.5594842910841
77.5909986618183
77.6224223673454
77.6538243394083
77.6852531267068
77.7167293530891
77.7482513064028
77.7798058234032
77.8113782475140
77.8429583281234
77.8745417748794
77.9061288640439
77.9377219268768
77.9693231449499
78.0009333448935
78.0325518253280
78.0641768589027
78.0958064137628
78.1274387437511
78.1590726836401
78.1907076549535
78.2223434872216
78.2539801826439
78.2856177219859
78.3172560470977
78.3488946537476
78.3805333058522
78.4121715178665
78.4436737561942
78.4749120535355
78.5058257492357
78.5364018154153
78.5657144833120
78.5938033076186
78.6211168082346
78.6478591993365
78.6736345129520
78.6973258376114
78.7174032350088
78.7319711810090
78.7390482763055
78.7377745522269
78.7299976811471
78.7183248368715
78.7041174865896
78.6891399678812
78.6762427026506
78.6659481837640
78.6576756873885
78.6511098254801
78.6470897237515
78.6468508291150
78.6671480048365
78.6970890786074
78.7330169316378
78.7723628689328
78.8129019102513
78.8540573359675
78.8947584787378
78.9409023072650
78.9882008479904
79.0354472399905
79.0824111836764
79.1278646777908
79.1706742231325
79.2096568231414
79.2444049632165
79.2751588463065
79.3029482475671
79.3289590582794
79.3536073019612
79.3772520608789
79.4000486140136
79.4224224208755
79.4450264586645
79.4666908823832
79.4872635384660
79.5069031775351
79.5260681340081
79.5449091378747
79.5632738453582
79.5811427814421
79.5978771382362
79.6126023314625
79.6217925172559
79.6222173805672
79.6174449226259
79.6150182630198
79.6212069392365
79.6374824146510
79.6608293747088
79.6861818570260
79.7086686006740
79.7251186905414
79.7347732077322
79.7412336519254
79.7526555968118
79.7740224020000
79.8053282280299
79.8434141167681
79.8844490105156
79.9248690631705
79.9615675092905
79.9922899054469
80.0162710638927
80.0333299918362
80.0456370574310
80.0551833009989
80.0647846441990
80.0765084608121
80.0910682992316
80.1077569902451
80.1256841309127
80.1449695392244
80.1654545546125
80.1835205103282
80.1987938022827
80.2099909828874
80.2180812809798
80.2250195863790
80.2429886886237
80.2646114882783
80.2872671172553
80.3096704265540
80.3316327971282
80.3529856270259
80.3804123602314
80.4251615283807
80.4705212244772
80.5155693571887
80.5602663394078
80.6045132848166
80.6476979409807
80.6928075157901
80.7467828410961
80.8040986411383
80.8594166532917
80.9128401723943
80.9648468691274
81.0156064686305
81.0638216680632
81.1095127124982
81.1535699373888
81.2044622746702
81.2540240985747
81.2991877060584
81.3397199434739
81.3751166328179
81.4048897056006
81.4293412387184
81.4496397039414
81.4666672567323
81.4817907635230
81.4978894590855
81.5133499679320
81.5287311873605
81.5439322058540
81.5589607186765
81.5738049677127
81.5883657702103
81.6026743440690
81.6166512908891
81.6302859009839
81.6435269548299
81.6562867485828
81.6686293029448
81.6806262186846
81.6922250520760
81.7034352739511
81.7142749843878
81.7247745075355
81.7349879967782
81.7449362867781
81.7545939200291
81.7639715614714
81.7730655185318
81.7818871636344
81.7904520544860
81.7978522726958
81.8036576920871
81.8092637243359
81.8166528117105
81.8258420373137
81.8354418943047
81.8442625816183
81.8520456177059
81.8589190737926
81.8651476989926
81.8707645195624
81.8760690683199
81.8807387713223
81.8821120270664
81.8800036358364
81.8761625936843
81.8717131241545
81.8666842586959
81.8608416989211
81.8540784859730
81.8458266935303
81.8353488543945
81.8212751769253
81.8026675197346
81.7789520804266
81.7511539929465
81.7203037897428
81.6878865505060
81.6560998103534
81.6260603188137
81.5985607296274
81.5792871083812
81.5677829365274
81.5635732632744
81.5668211340005
81.5773914061355
81.5945550753925
81.6275973289830
81.6650600010543
81.7045850436784
81.7447135581710
81.7842511891110
81.8227131070221
81.8600006201285
81.8961141539943
81.9311280193099
81.9651510803659
81.9983478085960
82.0309324040929
82.0631182742600
82.0952327688052
82.1275361353530
82.1601753555890
82.1931805587969
82.2275889855862
82.2633509994272
82.2999651844412
82.3371692256323
82.3753053114350
82.4154120497231
82.4589025527633
82.5075107962369
82.5632932550414
82.6274506575689
82.6990285899674
82.7760892460482
82.8538648527075
82.9300637486122
83.0039338539213
83.0748882741519
83.1422310590802
83.2045908777528
83.2607488568360
83.3157928650044
83.3682621118066
83.4084644469716
83.4380761688015
83.4591071478367
83.4742883383854
83.4868037619264
83.4982894845320
83.5097693072972
83.5217123800770
83.5356319826332
83.5506537234164
83.5658254681663
83.5810994178705
83.5961966340727
83.6109825215587
83.6254530102495
83.6395878060888
83.6533547274906
83.6666898054105
83.6795433913358
83.6918827413410
83.7036736423289
83.7150393188442
83.7260888295607
83.7368423426642
83.7473362266136
83.7575895004053
83.7676362852919
83.7775127490553
83.7863926635269
83.7943354952360
83.8007040065668
83.8081548129508
83.8175078492698
83.8281253486430
83.8386730493945
83.8483215905514
83.8569518346215
83.8645725968005
83.8712242573300
83.8771141399252
83.8826724199388
83.8884222241885
83.8947075128435
83.9014759859974
83.9062679515152
83.9077928913072
83.9068732481445
83.9046226149714
83.9015122815088
83.8976223694696
83.8929847517049
83.8877130400921
83.8814839896895
83.8741234929580
83.8651273831102
83.8543176114601
83.8410459413099
83.8253987445757
83.8076522878837
83.7883906935999
83.7687162132727
83.7503458870959
83.7339173107677
83.7196658925757
83.7079958081364
83.7014825789344
83.6984177591789
83.6966062606398
83.6961470623122
83.6959479255203
83.6957692185992
83.6956407568500
83.6948591382050
83.7019821025437
83.7109810425064
83.7204521472182
83.7303308728263
83.7401902455272
83.7490661461623
83.7557593445738
83.7586765461064
83.7615125979514
83.7722438902639
83.7818608589178
83.7894303029744
83.7970251973010
83.8051885856911
83.8141971717582
83.8238041352642
83.8347417123165
83.8630154746924
83.8988828461064
83.9377009911133
83.9782434684597
84.0187629412043
84.0583376375935
84.0964306106168
84.1362299533005
84.1801498993146
84.2235048458603
84.2668578281196
84.3096796998796
84.3511415615487
84.3900901762156
84.4257707476123
84.4581060920448
84.4873545917596
84.5146445945449
84.5402903986144
84.5645280376570
84.5876556304749
84.6098335478635
84.6316113679636
84.6535168984652
84.6744602971948
84.6943422871483
84.7133215537930
84.7318577421561
84.7500549858878
84.7677496545611
84.7848723426340
84.8013171857780
84.8170277164851
84.8319648013716
84.8455855902177
84.8574344176911
84.8638787202758
84.8606380188412
84.8509744683715
84.8434297811431
84.8454320702910
84.8589332193695
84.8808454734301
84.9058108558487
84.9282018647758
84.9439885848624
84.9519406815160
84.9535936563838
84.9552113349294
84.9698329593269
85.0006127209171
85.0415365269413
85.0864547628202
85.1314728917614
85.1736177290136
85.2102480690580
85.2397258896075
85.2607373529112
85.2738129108611
85.2812189228414
85.2846253415536
85.2872170794911
85.2923651106801
85.3018688148722
85.3189015509513
85.3371411971014
85.3526116424657
85.3618796473892
85.3720439416196
85.3864003108154
85.3923932213433
85.3893751637462
85.3803243410742
85.3697091809156
85.3787793595766
85.3899825115378
85.4029677271937
85.4185759399137
85.4365221938615
85.4560169488961
85.4764094796783
85.4973029442910
85.5185247806580
85.5401953360536
85.5625347551062
85.5858315012619
85.6103504578841
85.6362177685138
85.6633793456068
85.6916269085038
85.7206869689736
85.7503081668348
85.7802618969577
85.8103857332615