76.9230769230769
76.8984073096605
77.1854553162879
77.2228922123879
77.2556784989127
77.2852936778241
77.3134915618108
77.3417369809090
77.3708827774582
77.4011573990440
77.4323540727570
77.4640850231184
77.4959851545166
77.5278165758083
77.5594841887847
77.5909985541907
77.6224222543602
77.6538242213148
77.6852530039462
77.7167292261609
77.7482511757547
77.7798056893690
77.8113781103022
77.8429581878395
77.8745416315618
77.9061287176988
77.9377217775016
77.9693229925454
78.0009331894665
78.0325516668891
78.0641766974624
78.0958062493288
78.1274385763267
78.1590725132249
78.1907074815443
78.2223433108143
78.2539800032340
78.2856175395699
78.3172558059394
78.3488945718014
78.3805333508637
78.4121716616881
78.4439444623740
78.4759810247550
78.5083453335763
78.5410529078899
78.5750513241440
78.6103037673806
78.6463581619104
78.6830049769321
78.7206275042828
78.7602939637181
78.8034126574231
78.8516804720229
78.9069257918409
78.9700807952252
79.0401518019131
79.1158016917044
79.1948756598724
79.2734865892808
79.3480909972873
79.4180490479446
79.4838899911596
79.5461049662107
79.6043440709304
79.6581409729934
79.7166898186857
79.7678781259320
79.8089172680422
79.8400816223399
79.8626152722976
79.8792170996229
79.8925794303994
79.9044106471044
79.9159828429276
79.9296170824503
79.9442879761618
79.9595472488551
79.9751648224427
79.9908729448216
80.0064209592403
80.0217382431463
80.0368007035761
80.0515098138456
80.0658023320391
80.0796154278400
80.0928740435091
80.1055663002460
80.1178755637258
80.1297733054956
80.1412996688922
80.1524741963713
80.1633411998353
80.1739605432663
80.1843603824085
80.1945239969145
80.2036747076810
80.2113687911110
80.2180782609368
80.2260190039639
80.2357481960946
80.2464809973122
80.2569551248220
80.2665356375766
80.2751557495116
80.2828348974628
80.2896386529403
80.2957991618059
80.3017607784412
80.3074222328977
80.3109956321487
80.3119419400529
80.3109219381130
80.3088278358078
80.3061104411224
80.3028675974573
80.2991018469574
80.2947864875100
80.2894101791156
80.2827871433962
80.2744771994134
80.2644458351953
80.2522798957899
80.2380744443881
80.2220941133210
80.2048812582057
80.1875409742820
80.1717092425125
80.1578794382005
80.1462339366135
80.1370963773727
80.1326828867030
80.1314447058424
80.1311954047785
80.1321929988283
80.1335257256440
80.1349776378260
80.1365037733637
80.1379547241193
80.1423717514858
80.1522000196819
80.1626224388274
80.1735009269454
80.1847392589141
80.1958544474630
80.2059311490413
80.2139957387303
80.2188125439470
80.2228403328115
80.2337742931696
80.2452805568603
80.2540515322334
80.2608038288590
80.2661660792768
80.2726234410708
80.2807647723541
80.2898661788721
80.3000348378383
80.3257029951859
80.3557638307874
80.3885560413554
80.4235479215045
80.4597195629385
80.4963831557112
80.5326902720802
80.5707740939061
80.6129027021930
80.6538434240849
80.6944019318140
80.7345523133301
80.7742001887773
80.8126924366037
80.8491633543015
80.8830606437012
80.9141565265797
80.9429249846016
80.9692968840948
80.9936838157106
81.0166039901216
81.0385219273900
81.0608486171849
81.0825595463859
81.1032715960160
81.1230106875031
81.1421242864254
81.1607716664161
81.1787866672633
81.1962239592602
81.2130727354251
81.2293220480546
81.2449495739929
81.2599551150501
81.2735944492700
81.2849232335572
81.2894072147470
81.2847760760372
81.2762627701102
81.2724312971116
81.2789939222262
81.2960321099466
81.3196049954074
81.3443142972551
81.3650960891092
81.3789850797494
81.3876962950284
81.4018311645563
81.4270070623689
81.4616047165829
81.5022455371437
81.5463250514391
81.5909917715127
81.6325881553586
81.6676998979136
81.6934938885056
81.7096234876019
81.7187166744186
81.7248316253739
81.7307511069380
81.7396446623668
81.7523633306133
81.7709311730011
81.7915882314318
81.8103397770672
81.8240013414742
81.8347430687729
81.8548130095494
81.8687860915859
81.8735985075787
81.8711178407491
81.8631421137517
81.8729845147393
81.8859330082347
81.8994920014811
81.9149850612566
81.9328024529328
81.9525677580531
81.9737398528398
81.9957978500437
82.0183975132670
82.0414743469536
82.0651340031178
82.0896350286535
82.1151146842668
82.1416212501913
82.1690565879199
82.1971982600007
82.2247452433668
82.2514328975104
82.2774908384059
82.3029847048744
82.3274253059026
82.3496372575977
82.3680028568635
82.3805235927961
82.3848791589208
82.3796015438272
82.3664322114611
82.3495197179446
82.3340595609447
82.3197018463964
82.3060732615885
82.2934603597732
82.2824571051317
82.2746300674601
82.2719120226407
82.2835790879941
82.3164528582155
82.3558523142080
82.3988028650547
82.4427667429774
82.4870398138052
82.5314325908816
82.5756285705757
82.6250394563735
82.6751792900902
82.7243174198613
82.7717397523157
82.8159184615095
82.8559648891708
82.8916460048364
82.9235484298605
82.9525278745193
82.9796602959846
83.0060648595788
83.0316559439575
83.0562882831276
83.0798020234074
83.1021209661307
83.1244175308895
83.1462072241791
83.1669963807251
83.1869129778194
83.2061593667130
83.2251290303271
83.2437549660337
83.2611796343748
83.2769672178488
83.2876321671122
83.2890396442425
83.2839470972185
83.2799181581854
83.2838469980333
83.2982086288253
83.3208173947432
83.3465908921138
83.3702338642042
83.3879998325364
83.3986139805849
83.4032832608868
83.4049362184255
83.4071008976438
83.4183314282384
83.4430176001561
83.4783198493003
83.5184399152256
83.5586543236916
83.5960352973150
83.6291843686522
83.6576447261407
83.6816531775516
83.7009500048361
83.7163771730811
83.7282694817890
83.7385432982656
83.7490146256726
83.7611763483253
83.7752510312778
83.7907964089560
83.8081458818095
83.8277133073319
83.8450676755757
83.8594382880655
83.8691637053758
83.8751025221094
83.8800180377274
83.8972028301792
83.9167043921997
83.9365944714404
83.9559011625203
83.9747319915745
83.9920385043228
84.0296840859867
84.0744535887396
84.1189459371815
84.1628653722412
84.2060697124875
84.2478274214189
84.2914921705995
84.3456284880058
84.4030901323843
84.4581345239847
84.5102540665582
84.5591894549153
84.6057466165242
84.6501627108307
84.6929716123638
84.7413333721537
84.7892239263454
84.8309155990786
84.8663088141761
84.8951926859048
84.9178716511592
84.9360076837484
84.9511743739744
84.9646687235536
84.9779559835898
84.9931001318496
85.0082999193058
85.0237864023721
85.0391763941400
85.0543793648395
85.0692856253918
85.0837902916312
85.0979046671061
85.1115426569431
85.1247470787077
85.1374940414350
85.1497319760333
85.1614259627855
85.1727613657754
85.1836977788062
85.1942471273612
85.2044395920195
85.2143087579455
85.2239054056972
85.2332792595727
85.2424175595152
85.2513050032198
85.2599408391394
85.2683183978422
85.2764481959551
85.2835571284152
85.2896252403993
85.2944633882633
85.3007832819551
85.3091766536922
85.3184700047654
85.3271940938260
85.3347826901762
85.3413500847678
85.3469669432026
85.3519991050051
85.3566727249518
85.3613685338144
85.3665647508675
85.3713114427736
85.3721015878333
85.3691879013264
85.3648941878125
85.3601187441710
85.3545907300992
85.3479721906032
85.3401625839558
85.3305144976086
85.3182932152352
85.3022117285376
85.2816790747606
85.2563183429477
85.2269464921052
85.1944999872547
85.1604751104162
85.1272998462847
85.0957667782614
85.0674996266209
85.0509481103324
85.0425502623799
85.0429615166061
85.0512291842615
85.0668803513631
85.0918179764370
85.1287737120499
85.1680544394595
85.2079434665745
85.2473869165936
85.2855992603877
85.3224826559196
85.3581711459889
85.3927914481242
85.4265062170471
85.4594748425124
85.4918513273656
85.5238192296692
85.5555352085834
85.5871212093742
85.6186477147758
85.6501272522343
85.6815382668578
85.7128332888454
85.7439683811152
85.7749155559804
85.8056729924868